tree
version=v4
num_class=1
num_tree_per_iteration=1
label_index=0
max_feature_idx=160
objective=regression
feature_names=feature_KMID feature_KLEN feature_KMID2 feature_KUP feature_KUP2 feature_KLOW feature_KLOW2 feature_KSFT feature_KSFT2 feature_OPEN0 feature_HIGH0 feature_LOW0 feature_VWAP0 feature_ROC5 feature_ROC10 feature_ROC20 feature_ROC30 feature_ROC60 feature_MA5 feature_MA10 feature_MA20 feature_MA30 feature_MA60 feature_STD5 feature_STD10 feature_STD20 feature_STD30 feature_STD60 feature_BETA5 feature_BETA10 feature_BETA20 feature_BETA30 feature_BETA60 feature_RSQR5 feature_RSQR10 feature_RSQR20 feature_RSQR30 feature_RSQR60 feature_RESI5 feature_RESI10 feature_RESI20 feature_RESI30 feature_RESI60 feature_MAX5 feature_MAX10 feature_MAX20 feature_MAX30 feature_MAX60 feature_MIN5 feature_MIN10 feature_MIN20 feature_MIN30 feature_MIN60 feature_QTLU5 feature_QTLU10 feature_QTLU20 feature_QTLU30 feature_QTLU60 feature_QTLD5 feature_QTLD10 feature_QTLD20 feature_QTLD30 feature_QTLD60 feature_RANK5 feature_RANK10 feature_RANK20 feature_RANK30 feature_RANK60 feature_RSV5 feature_RSV10 feature_RSV20 feature_RSV30 feature_RSV60 feature_IMAX5 feature_IMAX10 feature_IMAX20 feature_IMAX30 feature_IMAX60 feature_IMIN5 feature_IMIN10 feature_IMIN20 feature_IMIN30 feature_IMIN60 feature_IMXD5 feature_IMXD10 feature_IMXD20 feature_IMXD30 feature_IMXD60 feature_CORR5 feature_CORR10 feature_CORR20 feature_CORR30 feature_CORR60 feature_CORD5 feature_CORD10 feature_CORD20 feature_CORD30 feature_CORD60 feature_CNTP5 feature_CNTP10 feature_CNTP20 feature_CNTP30 feature_CNTP60 feature_CNTN5 feature_CNTN10 feature_CNTN20 feature_CNTN30 feature_CNTN60 feature_CNTD5 feature_CNTD10 feature_CNTD20 feature_CNTD30 feature_CNTD60 feature_SUMP5 feature_SUMP10 feature_SUMP20 feature_SUMP30 feature_SUMP60 feature_SUMN5 feature_SUMN10 feature_SUMN20 feature_SUMN30 feature_SUMN60 feature_SUMD5 feature_SUMD10 feature_SUMD20 feature_SUMD30 feature_SUMD60 feature_VMA5 feature_VMA10 feature_VMA20 feature_VMA30 feature_VMA60 feature_VSTD5 feature_VSTD10 feature_VSTD20 feature_VSTD30 feature_VSTD60 feature_WVMA5 feature_WVMA10 feature_WVMA20 feature_WVMA30 feature_WVMA60 feature_VSUMP5 feature_VSUMP10 feature_VSUMP20 feature_VSUMP30 feature_VSUMP60 feature_VSUMN5 feature_VSUMN10 feature_VSUMN20 feature_VSUMN30 feature_VSUMN60 feature_VSUMD5 feature_VSUMD10 feature_VSUMD20 feature_VSUMD30 feature_VSUMD60 announcement_count_20d news_risk_20d shareholder_change_count_20d
feature_infos=[-0.18378382921218872:0.23204429447650909] [0:0.2587992250919342] [-1:1] [0:0.17515505850315094] [0:1] [0:0.1814553290605545] [0:1] [-0.21837836503982544:0.2587992250919342] [-1:1] [0.81165915727615356:1.2251656055450439] [1:1.2768211364746094] [0.78991591930389404:1] [0.86167383193969727:1.1553093194961548] [0.50938946008682251:1.8084112405776978] [0.38546353578567505:2.5034608840942383] [0.20094425976276398:3.1202185153961182] [0.18492695689201355:5.7117090225219727] [0.13746649026870728:7.1328182220458984] [0.73912703990936279:1.3500000238418579] [0.58375918865203857:1.6204214096069336] [0.48958152532577515:2.2400727272033691] [0.40701004862785339:2.491147518157959] [0.28582838177680969:3.7705175876617432] [0:0.31421336531639099] [0.00023446726845577359:0.44042909145355225] [0.0005574155948124826:0.84243810176849365] [0.0005574155948124826:1.5140218734741211] [0.0005574155948124826:2.5884873867034912] [-0.18953272700309753:0.11699225753545761] [-0.14318288862705231:0.091486923396587372] [-0.13684648275375366:0.091486923396587372] [-0.153787761926651:0.091486923396587372] [-0.13677342236042023:0.091486923396587372] [0:1] [0:1] [0:1] [2.2261162995574702e-15:1] [8.3690260277435868e-10:1] [-0.11662719398736954:0.098536819219589233] [-0.23734408617019653:0.19709315896034241] [-0.45356476306915283:0.34632593393325806] [-0.59292685985565186:0.92638540267944336] [-1.1882275342941284:1.6086900234222412] [1:1.7841874361038208] [1:2.2531874179840088] [1:3.1650238037109375] [1:5.7535200119018555] [1:9.3708133697509766] [0.50947773456573486:1] [0.34822705388069153:1] [0.19764620065689087:1] [0.18116329610347748:1] [0.079663857817649841:1] [0.86649966239929199:1.6521495580673218] [0.72217452526092529:2.0949892997741699] [0.58081799745559692:3.0763568878173828] [0.47937741875648499:3.5877678394317627] [0.33353924751281738:7.2022075653076172] [0.58712047338485718:1.184606671333313] [0.39663863182067871:1.3228549957275391] [0.22801922261714935:1.6053929328918457] [0.19504037499427795:1.7554135322570801] [0.12582564353942871:2.6131875514984131] [0.20000000298023224:1] [0.10000000149011612:1] [0.05000000074505806:1] [0.033333335071802139:1] [0.01666666753590107:1] [0:1] [0:1] [0:1] [0:1] [0:1] [0.20000000298023224:1] [0.10000000149011612:1] [0.05000000074505806:1] [0.033333335071802139:1] [0.01666666753590107:1] [0.20000000298023224:1] [0.10000000149011612:1] [0.05000000074505806:1] [0.033333335071802139:1] [0.01666666753590107:1] [-0.80000001192092896:0.80000001192092896] [-0.89999997615814209:0.89999997615814209] [-0.94999998807907104:0.94999998807907104] [-0.96666663885116577:0.96666663885116577] [-0.98333334922790527:0.98333334922790527] [-1:1] [-1:1] [-1:1] [-1:1] [-1:1] [-1:1] [-1:1] [-1:1] [-1:1] [-1:1] [0:1] [0:1] [0:0.94999998807907104] [0:0.86666667461395264] [0:0.76666665077209473] [0:1] [0:1] [0:0.94999998807907104] [0:0.86666667461395264] [0:0.83333331346511841] [-1:1] [-1:1] [-0.94999998807907104:0.89999997615814209] [-0.76666665077209473:0.76666665077209473] [-0.75:0.55000001192092896] [0:1] [0:1] [0:1] [0:1] [0:1] [0:1] [0:1] [0:1] [0:1] [0:1] [-1:1] [-1:1] [-1:1] [-1:1] [-1:1] [0.20471267402172089:235.782958984375] [0.10461504012346268:383.34182739257812] [0.075067855417728424:425.7928466796875] [0.056173093616962433:430.86871337890625] [0.033522188663482666:438.94296264648438] [0.00029457567143253982:408.0859375] [0.0027553131803870201:414.00186157226562] [0.0027553131803870201:307.87985229492188] [0.0027553131803870201:262.36935424804688] [0.0027553131803870201:275.11691284179688] [0:2.2360680103302002] [0.018472533673048019:3.0074613094329834] [0.068585917353630066:3.8974208831787109] [0.068585917353630066:4.5948772430419922] [0.068585917353630066:5.3810009956359863] [0:1] [0:1] [0:1] [0:1] [0:1] [0:1] [0:1] [0:1] [0:1] [0:1] [-1:1] [-1:1] [-1:1] [-1:1] [-1:1] [0.027347781217750257:1] [0.39795918367346939:1] [0.38775510204081631:1]
tree_sizes=3028 3040 3060 3049 3067 3057 3053 3060 3031 3052 3035 3050

Tree=0
num_leaves=31
num_cat=0
split_feature=1 57 48 100 81 81 8 0 73 89 41 79 44 32 17 17 87 38 5 160 27 86 86 53 79 158 45 114 142 48
split_gain=56.8039 9.64465 15.5173 9.06676 8.23049 16.0593 10.5484 7.00748 5.98625 5.27508 4.89999 4.22226 4.19311 3.73527 3.5893 3.57923 3.45837 3.28939 3.13756 3.75477 3.10971 3.06662 2.90256 2.77736 2.54778 2.39472 2.37259 2.35521 2.28485 2.64724
threshold=0.12535332143306735 1.2957590222358706 0.94281196594238292 0.47499999403953558 0.21666666865348819 0.25000000745058065 -0.74024075269699086 -0.062028249725699418 0.90000000596046459 0.51963737607002269 0.06466133147478105 0.45000000298023229 1.0983616113662722 0.0027395965298637752 0.94368815422058117 0.75063830614089977 -1.0000000180025095e-35 -0.0027010934427380557 0.037703869864344604 0.49705636350588583 0.10576764494180681 -1.0000000180025095e-35 -0.45000000298023218 1.1525650620460512 0.15000000223517421 0.48379501385041557 1.0667477250099184 0.55078560113906871 0.84930172562599193 0.85097569227218639
decision_type=2 2 2 2 2 2 2 2 2 8 10 2 2 10 10 10 2 10 2 10 10 2 2 2 2 8 2 8 10 2
left_child=1 4 12 7 9 6 14 -4 -2 11 23 18 28 25 -6 -8 -12 -15 19 20 -1 -9 -14 -5 -22 -7 -11 -27 29 -3
right_child=8 2 3 10 5 13 15 21 -10 26 16 -13 22 17 -16 -17 -18 -19 -20 -21 24 -23 -24 -25 -26 27 -28 -29 -30 -31
leaf_value=0.0036990383994085661 -0.006510250398843921 -0.0023585867181455944 0.010029500197276775 0.0051907532304831831 -0.0093896245773648288 0.0028982502531535075 -0.0039813380683255241 0.0038490236611604892 -0.0010778355859661663 0.0025665785681220376 0.0080142265120330142 0.0023047733109034106 0.0018105078338984614 -0.00034378852437033647 -0.00091346775517283686 0.00061577020243420879 0.017940928545810631 0.0015581504153376531 -0.00082583729115479369 0.0013791244444501948 0.0040102699054157245 1.5783480252800535e-05 -0.0013449610200278973 0.010901915367771443 0.0074139967012673757 0.0013710086072663634 0.0013132040081649473 0.0023091196176608679 0.0032355513872741005 0.016255036744849714
leaf_weight=3937 2136 20 418 878 544 5100 558 2832 708 6090 194 8743 1331 3877 185 1943 207 5662 323 1032 1006 625 1530 308 1410 17891 9928 10663 539 75
leaf_count=3937 2136 20 418 878 544 5100 558 2832 708 6090 194 8743 1331 3877 185 1943 207 5662 323 1032 1006 625 1530 308 1410 17891 9928 10663 539 75
internal_value=0.00177695 0.00200158 0.00355638 0.00522269 0.0018244 0.00139796 -0.00200284 0.0038991 -0.00517694 0.00243565 0.00841968 0.00306451 0.000966335 0.00165351 -0.00731377 -0.000431779 0.0132903 0.000779748 0.0039196 0.00413425 0.00458966 0.00314123 0.000139993 0.00672246 0.0060189 0.00189972 0.00179287 0.00172309 0.00461331 0.011813
internal_weight=90693 87849 8957 5462 78892 46423 3230 3875 2844 32469 1587 16451 3495 43193 729 2501 401 9539 7708 7385 6353 3457 2861 1186 2416 33654 16018 28554 634 95
internal_count=90693 87849 8957 5462 78892 46423 3230 3875 2844 32469 1587 16451 3495 43193 729 2501 401 9539 7708 7385 6353 3457 2861 1186 2416 33654 16018 28554 634 95
is_linear=0
shrinkage=1


Tree=1
num_leaves=31
num_cat=0
split_feature=1 57 39 100 126 9 87 17 38 5 73 86 79 25 105 52 24 27 142 5 87 37 8 92 11 41 17 69 92 12
split_gain=54.008 8.51736 13.7042 8.22592 7.86219 7.03444 5.34096 5.02139 7.32116 4.89433 4.33144 3.92493 3.79077 3.68342 3.54215 3.53991 2.87985 2.85871 3.04868 2.55193 2.69235 2.54839 3.74532 3.03165 2.51309 2.64924 2.63093 2.50636 2.4752 2.77819
threshold=0.13043481856584552 1.257884204387665 -0.004298826213926076 0.47499999403953558 0.39028662443161016 1.0663143396377566 -1.0000000180025095e-35 0.70568010210990917 0.00056999755906872462 0.030325888656079773 0.90000000596046459 -0.45000000298023218 0.45000000298023229 0.10986085608601572 0.47499999403953558 0.75566801428794872 0.042328258976340301 0.10644086077809335 0.88402655720710765 0.044628545641899116 -0.22500000149011609 0.76583382487297069 -0.20754840970039365 0.12582337856292727 0.99714490771293651 -0.015790297649800774 0.89190930128097545 0.49314717948436743 0.42472000420093542 1.0104984641075136
decision_type=2 2 8 2 10 2 2 8 8 2 2 2 2 10 2 2 8 10 10 2 2 10 2 10 2 10 10 2 10 2
left_child=1 4 3 5 7 14 15 8 28 -6 -2 -4 17 -8 -3 -5 -13 27 -19 20 -14 -10 23 -23 -22 -26 -27 -9 29 -1
right_child=10 2 11 6 9 -7 13 12 21 -11 -12 16 19 -15 -16 -17 -18 18 -20 -21 24 22 -24 -25 25 26 -28 -29 -30 -31
leaf_value=-0.0030285660135511271 -0.0083810166138466227 -0.0035502208230940449 0.00094045345073342384 -0.001906402663420571 0.0026223143124337357 0.0078872850806130778 0.011923987874656044 -0.00046589950100813264 -0.0013563007749799816 -0.0025074027527603169 -0.0032797473461248765 0.0015116661234973179 0.0003186543008338675 0 0.0017060090639728 0.0054665564096598018 -0.0025915343550343452 0.0050512156706182827 0.0011183170932230191 0.0021996284054258582 -0.00044787921644059411 -0.0046795260450259472 0.00012964943650421577 0.0069831494142146957 -0.00098418819583234447 -0.0075858103502209166 -0.0019509469490048854 0.00063832928787929742 -0.0019551238980097248 -0.0080226488188346618
leaf_weight=832 1938 364 3672 184 4028 432 486 7828 1650 515 578 537 10463 75 2405 966 1871 585 3589 993 24401 59 1633 388 2183 363 561 14779 1895 465
leaf_count=832 1938 364 3672 184 4028 432 486 7828 1650 515 578 537 10463 75 2405 966 1871 585 3589 993 24401 59 1633 388 2183 363 561 14779 1895 465
internal_value=-8.3747e-06 0.000197159 0.00149934 0.00346347 1.11096e-05 0.00194379 0.00627454 -0.000114407 -0.00139535 0.00202938 -0.00723074 -7.95577e-05 1.97167e-05 0.0103355 0.000995967 0.00424281 -0.00165549 0.000478372 0.00168258 -0.00029425 -0.000360842 9.60247e-05 0.00127223 0.00532516 -0.000621116 -0.00196497 -0.00422451 0.000253759 -0.00315323 -0.00486237
internal_weight=90718 88202 10992 4912 77210 3201 1711 72667 6922 4543 2516 6080 65745 561 2769 1150 2408 26781 4174 38964 37971 3730 2080 447 27508 3107 924 22607 3192 1297
internal_count=90718 88202 10992 4912 77210 3201 1711 72667 6922 4543 2516 6080 65745 561 2769 1150 2408 26781 4174 38964 37971 3730 2080 447 27508 3107 924 22607 3192 1297
is_linear=0
shrinkage=0.05


Tree=2
num_leaves=31
num_cat=0
split_feature=11 89 32 39 81 82 59 53 81 82 82 8 53 26 40 71 12 25 121 3 59 148 158 6 16 82 92 112 152 102
split_gain=44.5625 7.72728 6.71422 11.4162 6.97894 6.41084 5.71741 5.58313 4.73439 10.4846 4.10347 4.85672 4.51181 3.08476 3.00398 2.95005 3.13587 2.52309 2.6948 2.58228 2.28373 2.2192 2.28846 2.20894 2.20888 2.66348 2.09771 1.76843 1.69375 1.68637
threshold=0.89296352863311779 0.53139176964759838 -0.0052938591688871375 -0.004298826213926076 0.21666666865348819 0.075000002980232253 1.0016507506370547 1.1398835182189944 0.25000000745058065 0.025000001303851608 0.025000001303851608 -0.72414091229438771 1.0621016025543215 0.17079202085733416 -0.036383910104632371 0.47482417523860937 1.0023646950721743 0.082944508641958251 0.29238411784172064 0.02307018265128136 1.0891822576522829 0.52808943390846264 0.47665408009523641 0.3294110000133515 1.3697667121887209 0.058333335444331176 0.4812579900026322 0.10833333432674409 0.51701837778091442 0.55833333730697643
decision_type=2 8 10 10 2 2 2 2 2 2 2 2 2 10 10 2 2 8 10 2 2 10 10 2 10 2 10 2 10 2
left_child=14 2 3 5 15 6 -2 -7 9 -6 11 12 26 -9 -1 -4 -17 18 -12 20 -19 -18 27 -16 -20 -26 -3 -23 -10 -13
right_child=1 10 4 -5 8 7 -8 13 28 -11 17 29 -14 -15 23 16 21 19 24 -21 -22 22 -24 -25 25 -27 -28 -29 -30 -31
leaf_value=-0.0091355542216282181 0.013829200577985016 -0.0091870861032698082 0.00017489140978793995 0.0003482739491431462 -0.010153985425608636 0.0017200810513716008 0.0030966894067775384 0.0092559282467002818 -0.00021025106169464001 -0.0004662599161263258 0.0027471809195556999 -0.00029597536753450714 0.00076954023813573778 -0.0028733437081342036 -0.0029537829615021963 0.00096809492263964618 0.001208566814278593 -0.00058188165682078973 -0.00010680909401578859 -0.0025726978084222116 0.0058432334348546356 0.0027308067395577398 -0.00036742290051780264 -0.0076705059952441581 0.010548089042108936 0.0010766688614976491 -0.003624460458929914 0.005648513159493925 0.00076359864683626011 -0.0026253417670563193
leaf_weight=1041 325 412 5291 3713 371 1444 224 452 18829 1171 887 3172 261 52 585 7150 1617 3579 27442 1988 142 1177 294 509 103 315 359 1104 5848 1057
leaf_count=1041 325 412 5291 3713 371 1444 224 452 18829 1171 887 3172 261 52 585 7150 1617 3579 27442 1988 142 1177 294 509 103 315 359 1104 5848 1057
internal_value=-8.0648e-06 0.000163088 0.000583172 0.00212119 0.000359076 0.00473628 0.00955468 0.00334847 -0.000147463 -0.00283457 -0.000354582 -0.00165606 -0.004741 0.00790227 -0.00714519 0.00116051 0.00161583 -0.000154369 3.46307e-05 -0.00111465 -0.00032175 0.00270822 0.0036297 -0.00519897 -5.00317e-05 0.00354947 -0.00666978 0.00416674 1.85291e-05 -0.000890483
internal_weight=90914 88779 49062 6210 42852 2497 549 1948 26219 1542 39717 5261 1032 504 2135 16633 11342 34456 28747 5709 3721 4192 2575 1094 27860 418 771 2281 24677 4229
internal_count=90914 88779 49062 6210 42852 2497 549 1948 26219 1542 39717 5261 1032 504 2135 16633 11342 34456 28747 5709 3721 4192 2575 1094 27860 418 771 2281 24677 4229
is_linear=0
shrinkage=0.05


Tree=3
num_leaves=31
num_cat=0
split_feature=1 0 53 79 46 76 5 82 8 81 81 158 36 89 147 81 82 51 81 142 28 32 30 160 116 50 160 112 10 12
split_gain=46.2046 8.00896 8.96233 6.96703 16.0312 9.25131 7.88866 6.13753 7.98238 5.30645 4.60075 4.22817 4.01755 3.60815 3.51978 3.46106 6.70658 2.98422 2.76964 2.64795 2.57855 2.64019 2.25148 2.18937 2.15667 2.49593 2.00271 1.95304 1.7571 1.72752
threshold=0.13785236328840259 -0.071069378405809389 1.1601572632789614 0.45000000298023229 1.4595353603363039 0.11666667088866235 0.03923341631889344 0.025000001303851608 -0.78571581840515126 0.21666666865348819 0.58333334326744091 0.68120679732368805 0.64589944481849682 0.45607632398605352 0.48947943747043615 0.25000000745058065 0.025000001303851608 0.81989103555679332 0.21666666865348819 1.4584803581237795 -0.012113474309444426 -0.0032487348653376098 0.009801395237445833 0.49670900408605329 0.69080266356468212 0.78532949090003978 0.49705636350588583 0.14166667312383655 1.0212467908859255 1.0064240097999575
decision_type=2 2 2 2 2 2 2 2 2 2 2 8 10 8 10 2 2 2 2 10 10 10 8 10 10 2 8 2 2 2
left_child=1 2 -1 4 6 12 9 8 10 11 18 -3 -6 17 20 16 28 -13 -5 -2 21 -9 -8 -20 25 -16 -22 -10 -11 -29
right_child=19 3 -4 7 5 -7 22 14 27 15 -12 13 -14 -15 24 -17 -18 -19 23 -21 26 -23 -24 -25 -26 -27 -28 29 -30 -31
leaf_value=0.00049393617223764802 -0.0080338213827204543 -0.00048415261611920422 0.0089304123321517527 -0.0037383358498274382 0.012329643748973747 0 -0.00041792824718596362 0.0030268358093454525 -0.00044949524398863247 -0.0033009112532319572 -0.00012357319559748786 0.0036932217755133224 0.0030613716115543855 0.00091652142057246358 -0.0024216478923853673 0.00025344601994158549 -0.00047400532877698345 0.0013025622536831131 -0.01148098417051027 -0.0028658892891358367 0.0021646335471730851 0.00057516566284702931 -0.0045931580871048372 0.0007022935207439305 0.0023392077884749705 -0.00033028514622372561 -0.00012332828300661648 -0.0016987828438747221 -0.012187121296997446 -0.0065361506785439095
leaf_weight=772 1811 2586 547 279 519 344 534 1831 4388 107 273 3145 172 6457 1516 18002 1061 2374 407 326 1066 2907 941 32 708 27171 9028 933 183 248
leaf_count=772 1811 2586 547 279 519 344 534 1831 4388 107 273 3145 172 6457 1516 18002 1061 2374 407 326 1066 2907 941 32 708 27171 9028 933 183 248
internal_value=-6.82979e-06 0.00016802 0.00403461 0.000108923 0.000637016 0.00677119 0.000456019 -0.000268851 -0.00169618 0.000612965 -0.00583837 0.00133412 0.0101026 0.00173093 -5.59775e-05 6.77104e-05 -0.00236858 0.00267436 -0.00793853 -0.00727055 0.000570611 0.0015336 -0.00311677 -0.0104797 -0.000373848 -0.000442629 0.000113535 -0.000949192 -0.00910285 -0.00276156
internal_weight=90668 88531 1319 87212 36425 1035 35390 50787 6560 33915 991 14562 691 11976 44227 19353 1351 5519 718 2137 14832 4738 1475 439 29395 28687 10094 5569 290 1181
internal_count=90668 88531 1319 87212 36425 1035 35390 50787 6560 33915 991 14562 691 11976 44227 19353 1351 5519 718 2137 14832 4738 1475 439 29395 28687 10094 5569 290 1181
is_linear=0
shrinkage=0.05


Tree=4
num_leaves=31
num_cat=0
split_feature=1 0 53 79 16 25 139 87 44 81 80 158 81 81 17 92 5 27 53 81 107 87 38 32 116 34 37 117 111 81
split_gain=37.7991 7.61358 6.73214 6.40658 15.5011 7.86804 4.85318 4.63852 4.61575 4.61588 3.78969 3.74134 3.37449 7.69573 6.46873 4.24159 3.31007 3.97396 2.99217 2.84248 2.42634 2.24305 2.07604 2.13557 1.95173 1.90574 1.8115 1.77545 1.68165 1.67258
threshold=0.12111108377575876 -0.071069378405809389 1.1601572632789614 0.45000000298023229 1.3891803026199343 0.089705541729927077 0.84619471430778515 -0.35833333432674402 1.1605440378189089 0.21666666865348819 0.52500000596046459 0.86891249650545166 0.21666666865348819 0.25000000745058065 0.83982810378074657 0.44803433120250707 0.026472804136574272 0.10576764494180681 1.104373097419739 0.25000000745058065 0.42499999701976782 0.85833334922790538 -0.0042757452465593806 0.0074255971703678378 0.70381712913513195 0.83722913265228283 0.53152719140052807 0.52141842246055614 0.31666667759418493 0.58333334326744091
decision_type=2 2 2 2 10 8 8 2 2 2 2 8 2 2 10 10 2 10 2 2 2 2 10 10 10 10 10 8 2 2
left_child=1 2 -1 4 8 10 -2 18 9 11 -6 -3 24 14 15 -14 17 25 -5 21 29 -11 -19 -24 -9 28 -20 -18 -13 -15
right_child=6 3 -4 7 5 -7 -8 12 -10 19 -12 16 13 20 -16 -17 27 22 26 -21 -22 -23 23 -25 -26 -27 -28 -29 -30 -31
leaf_value=0.00091819446117627533 -0.0069890378550094114 -0.00034214695578030238 0.0084880621103182122 0.00043178511949449033 0.01199575515678869 -0.00027081887036070715 -0.0029428487319692908 -4.4019230883781677e-05 -0.001744861765122889 -0.0011350789138114363 0.00023512293400320536 0.0008405991237803624 -0.011198867251244714 -0.0027345312587726219 -0.0013735005801726566 -0.002901888428385584 0.0035043523610881256 0.0015890122824816133 0.00099749725223379914 0.00029510675613060068 -0.00036416175056882541 -0.0067960501385886723 0.003523816650294706 0.0075528323619375101 0.0029847533613369293 0.0037328422266009738 0.0063306681312207333 -0.0017149617099740664 0.003824638351323443 -0.00056763794850602216
leaf_weight=726 1872 2684 513 11623 519 231 1322 15599 2142 1067 89 6124 409 2077 888 279 191 978 334 17374 16470 218 1518 467 549 780 357 957 525 1679
leaf_count=726 1872 2684 513 11623 519 231 1322 15599 2142 1067 89 6124 409 2077 888 279 191 978 334 17374 16470 218 1518 467 549 780 357 957 525 1679
internal_value=9.66947e-06 0.000205562 0.00409709 0.000148953 0.000659803 0.00737634 -0.00533141 -0.000214556 0.000497279 0.000644902 0.0103595 0.00132373 -0.000488901 -0.000894794 -0.00426449 -0.00791591 0.00171551 0.00199835 0.000626846 0.000124699 -0.000629559 -0.00213888 0.00355703 0.0045002 5.60353e-05 0.00136955 0.00383026 -0.000800781 0.00108428 -0.00177961
internal_weight=90561 87367 1239 86128 35864 839 3194 50264 35025 32883 608 14224 37950 21802 1576 688 11540 10392 12314 18659 20226 1285 2963 1985 16148 7429 691 1148 6649 3756
internal_count=90561 87367 1239 86128 35864 839 3194 50264 35025 32883 608 14224 37950 21802 1576 688 11540 10392 12314 18659 20226 1285 2963 1985 16148 7429 691 1148 6649 3756
is_linear=0
shrinkage=0.05


Tree=5
num_leaves=31
num_cat=0
split_feature=1 89 79 16 39 22 25 139 82 8 22 144 53 27 160 5 142 157 14 53 26 121 17 82 9 92 87 38 5 17
split_gain=35.7914 6.94191 5.09803 12.6959 4.56436 5.72415 4.42684 4.01468 3.89912 5.71412 4.08419 3.25692 2.99488 2.86076 2.76305 2.87303 2.50114 2.29874 2.35947 2.32844 2.29507 1.94989 1.91403 1.83739 1.80103 1.78788 1.67763 1.71259 1.6764 1.65315
threshold=0.12535332143306735 0.45141318440437322 0.45000000298023229 1.3521531224250796 -0.030521774664521214 1.180948078632355 0.10826709121465684 0.84619471430778515 0.025000001303851608 -0.72414091229438771 1.1122447252273562 0.4947072714567185 1.0876548290252688 0.12363375350832941 0.49694817242117112 0.03637411072850228 1.0404824614524844 0.013692973647266628 0.9924544394016267 1.1793665885925295 0.17536830157041552 0.31790092587471014 0.66562974452972423 0.10833333432674409 1.054146468639374 0.46339482069015508 -0.47499999403953547 -0.00092089109239168454 0.025423681363463405 0.62767717242240917
decision_type=2 8 2 10 10 2 10 8 2 2 2 10 2 10 10 2 10 10 10 2 10 10 8 2 2 8 2 8 2 8
left_child=1 2 3 12 5 -4 16 -2 9 10 11 25 13 21 15 26 -5 18 -10 -20 -7 -1 -23 -9 -21 -3 -15 -28 -19 -11
right_child=7 8 4 6 -6 20 -8 23 17 29 -12 -13 -14 14 -16 -17 -18 28 19 24 -22 22 -24 -25 -26 -27 27 -29 -30 -31
leaf_value=0.0025385276374356412 -0.0070209998484712793 -0.010272359934396163 0.00061747282400098993 0.012819875630264552 -4.0334137603034487e-05 0.0059132990860638933 -0.00048266032080271473 -0.0053741181604735318 0.0008974726174949166 -0.0033365903342158689 0.0025966114202100386 -0.0014811033829221828 -0.0025516630308270068 0.00019158323944040004 -0.0010270636600474719 -0.0023102886872167316 0.0046486004070669168 -0.00031622419094610543 -0.00021656289269514391 -0.0014498582549453149 -0.0014984601044539954 -0.0031717839205620581 0.0007215352406372659 -0.0011039118984249256 0.0078412113081570128 -0.0047314560806235931 0.0024119123475562681 0.0055037792470281604 -0.0018600655094560545 -0.00032464321820577615
leaf_weight=1504 1751 359 2630 348 22622 899 105 482 8988 516 163 335 540 320 429 204 161 14391 14143 65 106 321 9818 606 158 330 840 1197 2030 4408
leaf_count=1504 1751 359 2630 348 22622 899 105 482 8988 516 163 335 540 320 429 204 161 14391 14143 65 106 321 9818 606 158 330 840 1197 2030 4408
internal_value=7.59094e-06 0.000186574 0.000651004 0.00136165 0.000221789 0.00186639 0.00841634 -0.0055164 -0.000237885 -0.00141399 -0.00453364 -0.00571884 0.00107234 0.00120966 0.00259719 0.00322398 0.0103475 -5.59009e-05 0.000261416 -0.000133083 0.00508115 0.000848843 0.000593041 -0.00304479 0.00491546 -0.00770168 0.00372496 0.00425513 -0.000510224 -0.000651039
internal_weight=90769 87930 42044 15787 26257 3635 614 2839 45886 6111 1187 1024 15173 14633 2990 2561 509 39775 23354 14366 1005 11643 10139 1088 223 689 2357 2037 16421 4924
internal_count=90769 87930 42044 15787 26257 3635 614 2839 45886 6111 1187 1024 15173 14633 2990 2561 509 39775 23354 14366 1005 11643 10139 1088 223 689 2357 2037 16421 4924
is_linear=0
shrinkage=0.05


Tree=6
num_leaves=31
num_cat=0
split_feature=1 32 39 82 0 121 100 17 38 11 82 37 1 82 159 8 30 25 80 2 114 73 112 141 29 5 38 85 34 158
split_gain=34.1794 6.05507 8.1196 6.36501 6.64938 4.91826 4.82713 4.36919 5.81318 4.09855 5.4181 4.78829 3.65199 3.37164 4.86684 3.88866 3.33545 2.97992 2.81011 2.7657 2.54514 2.40289 2.25506 2.21046 1.90448 1.83661 1.81557 1.75512 1.74688 1.72494
threshold=0.13785236328840259 -0.0052938591688871375 -0.0037601781077682968 0.058333335444331176 -0.062028249725699418 0.2973166704177857 0.42499999701976782 0.78965985774993908 0.00056999755906872462 0.98706650733947765 0.041666667908430106 0.72106346487998974 0.079190649092197432 0.025000001303851608 0.49330719947988261 -0.74024075269699086 0.012380171567201616 0.086211711168289198 0.075000001117587103 -0.51077198982238758 0.71746617555618297 0.90000000596046459 0.025000001303851608 1.0432360768318178 -0.0062736426480114451 0.02960904780775309 0.010352666955441238 -0.22500000149011609 0.77182039618492138 0.48379501385041557
decision_type=2 8 10 2 2 8 2 8 10 2 2 10 2 2 10 2 10 8 2 2 8 2 2 10 10 2 8 2 10 8
left_child=1 2 3 6 -5 12 -1 8 13 -10 -11 -12 19 14 15 -7 -15 22 -9 -3 29 -2 -6 24 -8 -14 -4 -19 -13 -20
right_child=21 5 26 4 17 7 23 18 9 10 11 28 25 16 -16 -17 -18 27 20 -21 -22 -23 -24 -25 -26 -27 -28 -29 -30 -31
leaf_value=0.001894989646380533 -0.0070781408623277406 0.0065356080940853923 -0.00059753294313121073 0.0072389568501423059 0.0012026944380481399 -0.0084426819614337283 0.0020466183780015195 0.00083404929591058153 -0.00042020323648255767 -0.0017942140356904659 -7.9706731940879677e-05 0.008743555410940209 0.00061240192412922198 -0.00053414730336990158 0.0010130761384083478 -0.0030570148699526171 -0.0037308014309494404 0.001692454378941618 0.00057347836733169239 0.001985869234916894 0.0010599456782018279 -0.0027853871980635246 0.0055110733411515402 0.002950856666575419 0.013406997245399097 -0.0036664708993944411 0.0012855969685835805 -0.0032263343178548839 -0.00065022018427650136 -0.00030640410980815647
leaf_weight=303 1718 401 3557 518 1604 541 54 10592 6640 420 273 491 807 3985 418 1012 1044 261 6483 2535 4568 457 391 103 331 355 1993 526 44 38388
leaf_count=303 1718 401 3557 518 1604 541 54 10592 6640 420 273 491 807 3985 418 1012 1044 261 6483 2535 4568 457 391 103 331 355 1993 526 44 38388
internal_value=-9.38629e-06 0.000142044 0.00132493 0.00301502 0.00202691 -1.70024e-06 0.00706648 -9.46242e-05 -0.000862278 6.41499e-05 0.00272202 0.00513069 0.00168408 -0.00191059 -0.00367556 -0.00496956 -0.00120831 0.00103622 9.46805e-05 0.00262631 -6.2727e-05 -0.00620084 0.00207448 0.0101648 0.0119526 -0.000653863 6.97997e-05 -0.00153154 0.00787793 -0.000178154
internal_weight=90813 88638 9641 4091 3300 78997 791 74899 14868 7868 1228 808 4098 7000 1971 1553 5029 2782 60031 2936 49439 2175 1995 488 385 1162 5550 787 535 44871
internal_count=90813 88638 9641 4091 3300 78997 791 74899 14868 7868 1228 808 4098 7000 1971 1553 5029 2782 60031 2936 49439 2175 1995 488 385 1162 5550 787 535 44871
is_linear=0
shrinkage=0.05


Tree=7
num_leaves=31
num_cat=0
split_feature=1 47 48 81 81 82 9 76 82 50 73 44 160 71 12 32 8 160 160 91 80 53 111 39 38 1 0 8 114 159
split_gain=29.6712 5.23317 8.49903 5.57617 11.0454 14.6072 4.68993 5.15836 5.55714 4.36127 3.37244 3.19494 3.11797 3.2295 3.83826 2.66832 2.50366 2.45066 4.08692 2.29136 2.28719 2.26932 2.20111 2.02956 2.02472 1.96704 1.78507 1.69075 1.63609 2.19143
threshold=0.12535332143306735 1.4727565050125124 0.92980691790580761 0.21666666865348819 0.25000000745058065 0.025000001303851608 1.0710268616676333 0.050000002607703216 0.058333335444331176 0.92901527881622326 0.90000000596046459 1.0853344798088076 0.49823042090106634 0.68382307887077343 0.99853709340095531 0.003090322832576931 0.21090178936719897 0.49793459528021256 0.49793566138738615 0.38738210499286657 0.22500000149011615 1.1601572632789614 0.25000000745058065 -0.0016224097344093023 -0.0027010934427380557 0.0073833905626088389 -0.035101531073451035 -0.79310530424118031 0.39618279039859777 0.49537325355373285
decision_type=2 2 2 2 2 2 2 2 2 2 2 2 10 2 2 10 2 10 10 8 2 2 2 10 10 2 2 2 8 10
left_child=1 3 11 12 5 16 7 8 9 -4 26 -3 13 17 -15 28 -5 19 -19 23 -13 -8 -16 -1 -17 -9 -2 -7 29 -6
right_child=10 2 6 4 15 27 21 25 -10 -11 -12 20 -14 14 22 24 -18 18 -20 -21 -22 -23 -24 -25 -26 -27 -28 -29 -30 -31
leaf_value=0.0017243232243554958 0.00021137159550562503 0.0021764173821151871 0.010970161754506616 -0.010397143584750735 -0.00069079309169282552 -0.0047216264584054252 0.001057402557953396 -0.0097695182751712586 0.001923747182740923 0.0027640573032212986 -0.0018919620244906038 -0.0042943098542113098 -0.0013688338611486457 0.0004500530328904986 0.0015373855994116614 -0.0019021128868591773 -0.0021407983687937288 0.020157290504951228 0.0022548250972136393 -0.00029454582829955807 -0.0008557545541658545 0.0077768911143515891 0.0036809972739540509 -0.00015484311227953416 -0.00026050339919767078 0.0008840179476254014 -0.006339304416005118 -0.0006709762379397921 0.00034362285601246672 0.00097688756675437072
leaf_weight=3377 94 617 389 654 10377 303 192 42 1481 312 693 684 2010 6821 4038 3272 126 37 272 11062 1838 504 1802 2421 4607 5058 2041 2066 21091 2410
leaf_count=3377 94 617 389 654 10377 303 192 42 1481 312 693 684 2010 6821 4038 3272 126 37 272 11062 1838 504 1802 2421 4607 5058 2041 2066 21091 2410
internal_value=6.7279e-06 0.000169557 0.00118346 2.20231e-05 -0.00033617 -0.00319184 0.00205265 0.00166781 0.00370797 0.00739817 -0.0050328 -0.00100965 0.000528771 0.000658353 0.00126493 -0.000119548 -0.0091319 0.000208079 0.00461788 0.000124024 -0.00180949 0.00599915 0.0022079 0.000931149 -0.000948733 0.000784583 -0.00602752 -0.00121193 7.18415e-05 -0.000372519
internal_weight=90691 87863 11117 76746 44906 3149 7978 7282 2182 701 2828 3139 31840 29830 12661 41757 780 17169 309 16860 2522 696 5840 5798 7879 5100 2135 2369 33878 12787
internal_count=90691 87863 11117 76746 44906 3149 7978 7282 2182 701 2828 3139 31840 29830 12661 41757 780 17169 309 16860 2522 696 5840 5798 7879 5100 2135 2369 33878 12787
is_linear=0
shrinkage=0.05


Tree=8
num_leaves=31
num_cat=0
split_feature=1 89 27 25 16 29 73 116 59 5 17 38 81 159 114 36 127 53 29 38 17 80 0 158 158 158 81 58 40 92
split_gain=27.2276 5.71645 4.60911 5.38917 7.96758 5.72696 3.1619 2.97721 2.74749 2.68155 2.6402 3.30376 2.72399 2.51551 2.23709 2.06711 1.94957 1.96288 2.11096 2.05271 1.94816 1.90797 1.81151 1.71932 7.95043 1.85098 1.71693 1.66747 1.58871 1.57472
threshold=0.12535332143306735 0.46493268013000494 0.12017774209380151 0.088821507990360274 1.4567780494689944 -0.0051943899597972623 0.90000000596046459 0.67926800251007091 1.1104182004928591 0.031102173961699012 0.74410033226013195 0.0081552146002650278 0.18333333730697635 0.49752058589154941 0.71746617555618297 0.66150888800621044 0.35640947520732885 1.1398835182189944 -0.0019243875867687164 -0.00048581279406789685 0.65373903512954723 0.075000001117587103 -0.071069378405809389 0.4821301129901126 0.48181143867526238 0.46637442495187759 0.31666667759418493 1.0507264137268069 -0.072993211448192583 0.40026827156543737
decision_type=2 8 10 10 10 10 2 10 2 2 10 10 2 8 8 8 10 2 10 10 8 2 2 8 10 10 2 2 10 10
left_child=1 2 7 4 13 -6 -2 20 10 15 11 12 -3 -4 23 22 17 18 -15 -20 -1 -22 27 24 25 -12 29 -5 -24 -14
right_child=6 8 3 9 5 -7 -8 -9 -10 -11 14 -13 26 16 -16 -17 -18 -19 19 -21 21 -23 28 -25 -26 -27 -28 -29 -30 -31
leaf_value=-0.0038222421071784128 -0.0057589944938921979 -0.00069775641713549661 -0.0002527727099866372 0 0.00068606473260336644 0.01127742766221123 -0.001752291826330357 0.002217924103423826 0.0052263264998557296 -0.0025550487966879455 -0.00081077862319425007 0.00021350548267628814 -0.0075957077255417761 0.00070394888319595 0.00095175783090372637 0.0017356143176610037 0.006887004973715082 0.0053153352390295852 0.0010745503979912496 0.0043462352009321246 0.0011261333972064412 1.0449555120082737e-05 -0.0031689632916620256 -0.00033254952266226505 0.017244260842363312 0.0016994391821232961 -0.0019803113031994983 0.0078834758663500568 0 -0.0030127055093159528
leaf_weight=304 2142 2713 1178 161 202 403 692 1848 229 765 1373 3176 339 2455 4753 2156 227 433 915 1136 4570 24294 609 28439 72 1540 1602 112 1069 557
leaf_count=304 2142 2713 1178 161 202 403 692 1848 229 765 1373 3176 339 2455 4753 2156 227 433 915 1136 4570 24294 609 28439 72 1540 1602 112 1069 557
internal_value=2.27528e-05 0.000179322 0.000592582 0.00143363 0.00232795 0.00783061 -0.00479925 0.000270387 -0.000214779 0.000147576 -0.000243978 -0.00104357 -0.00181922 0.00179416 -5.72004e-05 0.000663658 0.00227055 0.00204691 0.00172062 0.00291226 0.00014521 0.000188859 -0.000495601 -0.000211426 0.000925538 0.000499254 -0.00301643 0.00322749 -0.00113267 -0.00480895
internal_weight=90464 87630 42837 11821 6949 605 2834 31016 44793 4872 44564 8387 5211 6344 36177 4107 5166 4939 4506 2051 29168 28864 1951 31424 2985 2913 2498 273 1678 896
internal_count=90464 87630 42837 11821 6949 605 2834 31016 44793 4872 44564 8387 5211 6344 36177 4107 5166 4939 4506 2051 29168 28864 1951 31424 2985 2913 2498 273 1678 896
is_linear=0
shrinkage=0.05


Tree=9
num_leaves=31
num_cat=0
split_feature=1 89 39 57 25 142 81 124 32 53 81 78 92 12 142 81 59 14 34 30 8 1 27 142 40 6 77 33 143 105
split_gain=24.9599 5.30162 3.95503 8.1147 5.108 3.45759 3.36126 2.94889 2.76866 3.20258 2.91102 2.56625 2.2566 4.07123 2.20363 2.13897 1.82249 1.76183 1.75177 1.93045 1.73308 1.6354 1.76596 1.56906 1.52386 1.41265 1.34547 1.33369 1.29662 1.29523
threshold=0.13785236328840259 0.49869064986705786 -0.0063558558467775575 1.329002380371094 0.10523260384798051 1.0404824614524844 0.18333333730697635 -0.1917612627148628 0.0018517357530072334 1.204750716686249 0.18333333730697635 0.90000000596046459 0.45575453341007238 1.0104984641075136 1.3686867952346804 0.31666667759418493 0.99966511130332958 1.00004518032074 0.86473336815834057 0.0015612064744345846 0.41666953265666967 0.098944056779146208 0.10317095741629602 0.82208120822906505 -0.056249925866723054 0.64482381939888012 0.69166666269302379 0.40002983808517462 0.47379080951213842 0.42499999701976782
decision_type=2 8 10 2 10 10 2 10 8 2 2 2 10 2 10 2 2 8 8 10 2 2 10 10 10 2 2 8 10 2
left_child=1 2 3 6 5 16 11 -4 9 17 20 21 13 -12 26 -15 -5 18 -3 -20 -10 22 -1 -8 -9 -13 -2 -18 -24 -6
right_child=14 8 7 4 29 -7 23 24 10 -11 12 25 -14 15 -16 -17 27 -19 19 -21 -22 -23 28 -25 -26 -27 -28 -29 -30 -31
leaf_value=0.0016617196885416888 -0.0041615889115948343 0.00025079595102047055 -0.00045630122298330835 0.011883298710591215 -0.0048539205260708035 0.0034756053062451908 0.005337325794992044 -0.002955982422913778 0.00038389991260279324 0.0063495315493209597 -0.0015379345735761221 8.8040055742690632e-05 -0.00092406028495066288 -0.010013842006424058 -0.001781643134407724 -0.0033363312733551234 -0.0025657268640186109 -0.00045685013670199951 0.0063046763652214307 0.00087080346481164953 -0.0010422821866013056 -0.0038829635500999011 0.0048402132415853597 3.8276082093014662e-05 0.00067821233283985602 0.002930815865273809 -0.0072962605061922901 0.0068525711665108034 0.0010120831948829321 0.0010316686277689457
leaf_weight=1999 657 12427 12666 254 122 965 141 289 5891 200 1692 2891 6560 255 391 287 34 10966 254 534 3320 91 1122 10437 13563 523 1076 305 320 370
leaf_count=1999 657 12427 12666 254 122 965 141 289 5891 200 1692 2891 6560 255 391 287 34 10966 254 534 3320 91 1122 10437 13563 523 1076 305 320 370
internal_value=-6.75197e-06 0.000121306 0.000492851 0.00103218 0.00401291 0.00541678 0.000680424 9.28417e-05 -0.000281547 6.38358e-05 -0.000751992 0.00153548 -0.00140317 -0.00278664 -0.00536226 -0.0065827 0.00848035 9.51902e-06 0.000400308 0.00269147 -0.000124781 0.00248419 0.00266818 0.000114134 0.000598573 0.000538905 -0.00613979 0.00575614 0.00402664 -0.000333232
internal_weight=90602 88478 46092 19574 2050 1558 17524 26518 42386 24381 18005 6946 8794 2234 2124 542 593 24181 13215 788 9211 3532 3441 10578 13852 3414 1733 339 1442 492
internal_count=90602 88478 46092 19574 2050 1558 17524 26518 42386 24381 18005 6946 8794 2234 2124 542 593 24181 13215 788 9211 3532 3441 10578 13852 3414 1733 339 1442 492
is_linear=0
shrinkage=0.05


Tree=10
num_leaves=31
num_cat=0
split_feature=1 89 16 84 81 81 48 25 92 117 36 9 74 158 25 87 53 79 5 80 157 30 92 69 30 34 12 117 132 53
split_gain=21.998 4.94813 4.17263 10.3733 4.48905 3.42649 3.39507 3.08831 2.54483 3.48876 2.53981 2.41012 2.29433 2.49573 2.15346 2.06985 2.29957 2.05684 2.73287 1.99896 1.94789 1.89584 1.75854 1.68627 1.85865 1.99497 1.65444 1.5972 1.56678 1.55674
threshold=0.12111108377575876 0.49869064986705786 1.2992014884948733 1.0000000180025095e-35 0.21666666865348819 0.25000000745058065 0.92980691790580761 0.087051838636398329 0.36065933108329779 0.53171071410179149 0.64196673035621654 1.0767771601676943 0.35000000894069677 0.4821301129901126 0.11325215920805932 -0.30833333730697626 1.169678866863251 0.25000000745058065 0.019904206506907943 0.22500000149011615 -0.010010901372879742 -0.0057963880244642487 0.22843381017446521 0.23724215477705005 0.0013320188154466452 0.85403156280517589 1.0104984641075136 0.53986218571662914 0.72142392396926891 1.1346884965896609
decision_type=2 8 10 2 2 2 2 8 10 10 10 2 2 10 10 2 2 2 2 2 10 10 10 2 8 10 2 10 2 2
left_child=1 2 4 6 12 8 19 -2 9 -6 14 -7 -1 -14 -5 16 -3 18 23 -4 21 -8 26 -17 25 -25 -19 -28 -9 -13
right_child=7 15 3 10 5 11 20 28 -10 -11 -12 29 13 -15 -16 17 -18 22 -20 -21 -22 -23 -24 24 -26 -27 27 -29 -30 -31
leaf_value=0.00022869923856098985 -0.0014915898833842767 0.0003116117699214855 -0.0049313871634081288 0.010233281436787135 -0.00040367656123513974 1.3387691216825362e-05 0.0021168241542729653 -0.0032641891583818743 -0.00031013987586240351 -0.0077791685582325829 0.0020658569039492792 0 0.0017752984381686863 -0.00053236141854955663 -0.0028399281153854514 -0.0012667973724472693 0.0070345068220586454 -0.0011709643163167411 -0.0015278795302648318 -2.2309428755974083e-05 0.0002186148815891385 0.0068818276517189914 -0.00055196394085318587 0.001519388422639068 0.00029005545733800785 0.0070403526623502993 -0.0017720292578754346 -0.006876182623653828 -0.0061013982932823152 0.0068396138342443945
leaf_weight=6109 898 8819 294 486 299 23792 899 896 722 387 176 151 8733 1316 27 1184 129 2036 2079 769 914 297 18771 1828 5974 187 388 299 1435 214
leaf_count=6109 898 8819 294 486 299 23792 899 896 722 387 176 151 8733 1316 27 1184 129 2036 2079 769 914 297 18771 1828 5974 187 388 299 1435 214
internal_value=-1.26778e-05 0.000136722 0.000497139 0.0020719 0.00035013 -6.03489e-05 0.000845627 -0.00406518 -0.00245823 -0.00464253 0.00763731 7.74391e-05 0.00100264 0.00146809 0.00944376 -0.000256134 0.000414896 -0.00044103 0.000102771 -0.00143039 0.00201609 0.00334664 -0.000728025 0.000477924 0.000742882 0.0020598 -0.0019227 -0.00407293 -0.00503413 0.00410448
internal_weight=90508 87279 45585 3862 41723 25565 3173 3229 1408 686 689 24157 16158 10049 513 41694 8948 32746 11252 1063 2110 1196 21494 9173 7989 2015 2723 687 2331 365
internal_count=90508 87279 45585 3862 41723 25565 3173 3229 1408 686 689 24157 16158 10049 513 41694 8948 32746 11252 1063 2110 1196 21494 9173 7989 2015 2723 687 2331 365
is_linear=0
shrinkage=0.05


Tree=11
num_leaves=31
num_cat=0
split_feature=1 0 38 33 52 126 16 25 152 82 12 80 80 37 7 26 2 39 142 85 158 1 152 27 3 82 122 158 144 14
split_gain=20.069 4.07483 4.52346 4.44988 3.54963 4.97924 3.39457 6.84548 3.08386 3.7734 5.23344 4.83112 5.27973 2.9558 3.66595 2.29482 2.08986 1.98515 1.96384 1.85838 1.76364 1.75393 1.68889 1.67785 3.36977 2.12672 2.91938 1.63084 1.54619 1.53507
threshold=0.13785236328840259 -0.071069378405809389 0.0073290343862026939 0.77864226698875438 0.54613745212554943 0.39028662443161016 1.4102833271026614 0.082126095890998854 0.47739495337009435 0.025000001303851608 1.0104984641075136 0.37500000000000006 0.17500000447034839 0.84614345431327831 0.0046030415687710055 0.091649662703275694 -0.53968140482902516 -0.0020978971151635046 1.4115215539932253 -0.47499999403953547 0.12833497926130755 0.058732226490974433 0.50050804018974315 0.12186213210225107 0.022012485191226009 0.058333335444331176 0.48438395559787756 0.48379501385041557 0.4097700715065003 1.0079585313796999
decision_type=2 2 10 10 2 10 10 10 10 2 2 2 2 10 2 10 2 10 10 2 10 2 10 10 2 2 10 8 10 10
left_child=1 3 4 -1 21 8 13 19 -6 10 15 12 -12 22 -15 -10 -7 23 -2 -8 -14 -3 -4 -11 25 26 -25 -19 -13 -29
right_child=18 2 6 -5 5 16 7 -9 9 17 11 28 20 14 -16 -17 -18 27 -20 -21 -22 -23 -24 24 -26 -27 -28 29 -30 -31
leaf_value=0.00034637097824430509 -0.0054911122286957353 -9.9742730544647936e-05 -4.7223618886103293e-05 0.0063071887453801647 -0.0012030961119808507 0.0055204612501850592 0.0013250313538714852 0.00074618730311778406 -0.00082487822698608078 0.00019926057100484379 -0.0016640179077720921 -0.0037274130958601308 -0.010100455045102111 0.005751815515168103 0.00096824500847806326 0.0024394595346113363 0.0014456754195031562 0.00085124317609664563 -0.0012768357396967275 0.0099438105334470773 0 -0.0034060877554756806 0.00081896774464997534 0.001160509367681308 -0.0010731778302599329 0.0015577538931972903 0.010068729637126302 0.00013656259082438452 0.001842861875300838 -0.00082847229727393563
leaf_weight=770 1768 640 13602 550 6673 391 94 1099 3897 18829 429 188 490 560 1531 619 1998 2795 367 342 37 1239 9479 209 1155 3249 187 6699 364 10386
leaf_count=770 1768 640 13602 550 6673 391 94 1099 3897 18829 429 188 490 560 1531 619 1998 2795 367 342 37 1239 9479 209 1155 3249 187 6699 364 10386
internal_value=-1.39456e-06 0.000113639 7.1287e-05 0.00287079 -0.000167408 -9.78998e-05 0.000613635 0.00290196 -0.000193756 -5.67489e-05 -0.00123013 -0.00378304 -0.00593184 0.000471996 0.00227539 -0.000365931 0.00213553 0.000104585 -0.00479104 0.00820733 -0.00930159 -0.00230717 0.000306361 0.000415185 0.00125156 0.00200201 0.00550788 -0.000262074 0 -0.000447172
internal_weight=90636 88501 87181 1320 60474 58595 26707 1535 56206 49533 6024 1508 956 25172 2091 4516 2389 43509 2135 436 527 1879 23081 23629 4800 3645 396 19880 552 17085
internal_count=90636 88501 87181 1320 60474 58595 26707 1535 56206 49533 6024 1508 956 25172 2091 4516 2389 43509 2135 436 527 1879 23081 23629 4800 3645 396 19880 552 17085
is_linear=0
shrinkage=0.05


end of trees

feature_importances:
feature_IMIN30=22
feature_KLEN=15
feature_IMIN60=15
feature_QTLU5=13
announcement_count_20d=11
feature_KLOW=10
feature_ROC60=10
feature_STD20=10
feature_RESI5=10
feature_KSFT2=9
feature_CORR60=9
feature_WVMA60=8
feature_KMID=7
feature_VWAP0=7
feature_STD60=7
feature_BETA60=7
feature_RESI10=7
feature_IMIN10=7
feature_IMIN20=7
feature_IMXD60=7
feature_CORR10=7
shareholder_change_count_20d=7
feature_ROC30=6
feature_BETA20=5
feature_IMAX5=5
feature_OPEN0=4
feature_RSQR10=4
feature_RSQR60=4
feature_MIN5=4
feature_QTLD10=4
feature_SUMP10=4
feature_LOW0=3
feature_ROC10=3
feature_STD30=3
feature_BETA10=3
feature_RSQR30=3
feature_RESI20=3
feature_MAX10=3
feature_QTLU60=3
feature_IMXD30=3
feature_CNTP20=3
feature_CNTD60=3
feature_SUMP30=3
feature_SUMP60=3
feature_SUMN30=3
feature_VSUMN60=3
news_risk_20d=3
feature_KMID2=2
feature_KUP=2
feature_KLOW2=2
feature_MA60=2
feature_RSQR5=2
feature_RESI30=2
feature_MIN20=2
feature_MIN60=2
feature_RSV10=2
feature_RSV30=2
feature_IMAX30=2
feature_IMXD20=2
feature_CNTN20=2
feature_CNTD30=2
feature_SUMD30=2
feature_WVMA10=2
feature_VSUMP10=2
feature_VSUMD60=2
feature_KSFT=1
feature_HIGH0=1
feature_STD10=1
feature_BETA5=1
feature_MAX20=1
feature_MAX30=1
feature_MAX60=1
feature_MIN30=1
feature_QTLD5=1
feature_IMAX10=1
feature_IMAX60=1
feature_IMIN5=1
feature_IMXD10=1
feature_CORR30=1
feature_CNTP60=1
feature_CNTN60=1
feature_SUMN60=1
feature_SUMD10=1
feature_SUMD60=1
feature_VMA60=1
feature_WVMA30=1
feature_VSUMP5=1
feature_VSUMP60=1
feature_VSUMN5=1

parameters:
[boosting: gbdt]
[objective: regression]
[metric: l2]
[tree_learner: serial]
[device_type: cpu]
[data_sample_strategy: bagging]
[data: ]
[valid: ]
[num_iterations: 400]
[learning_rate: 0.05]
[num_leaves: 31]
[num_threads: 20]
[seed: 42]
[deterministic: 0]
[force_col_wise: 0]
[force_row_wise: 0]
[histogram_pool_size: -1]
[max_depth: -1]
[min_data_in_leaf: 20]
[min_sum_hessian_in_leaf: 0.001]
[bagging_fraction: 0.8]
[pos_bagging_fraction: 1]
[neg_bagging_fraction: 1]
[bagging_freq: 1]
[bagging_seed: 400]
[bagging_by_query: 0]
[feature_fraction: 0.8]
[feature_fraction_bynode: 1]
[feature_fraction_seed: 30056]
[extra_trees: 0]
[extra_seed: 12879]
[early_stopping_round: 0]
[early_stopping_min_delta: 0]
[first_metric_only: 0]
[max_delta_step: 0]
[lambda_l1: 1]
[lambda_l2: 1]
[linear_lambda: 0]
[min_gain_to_split: 0]
[drop_rate: 0.1]
[max_drop: 50]
[skip_drop: 0.5]
[xgboost_dart_mode: 0]
[uniform_drop: 0]
[drop_seed: 17869]
[top_rate: 0.2]
[other_rate: 0.1]
[min_data_per_group: 100]
[max_cat_threshold: 32]
[cat_l2: 10]
[cat_smooth: 10]
[max_cat_to_onehot: 4]
[top_k: 20]
[monotone_constraints: ]
[monotone_constraints_method: basic]
[monotone_penalty: 0]
[feature_contri: ]
[forcedsplits_filename: ]
[refit_decay_rate: 0.9]
[cegb_tradeoff: 1]
[cegb_penalty_split: 0]
[cegb_penalty_feature_lazy: ]
[cegb_penalty_feature_coupled: ]
[path_smooth: 0]
[interaction_constraints: ]
[verbosity: -1]
[saved_feature_importance_type: 0]
[use_quantized_grad: 0]
[num_grad_quant_bins: 4]
[quant_train_renew_leaf: 0]
[stochastic_rounding: 1]
[linear_tree: 0]
[max_bin: 255]
[max_bin_by_feature: ]
[min_data_in_bin: 3]
[bin_construct_sample_cnt: 200000]
[data_random_seed: 175]
[is_enable_sparse: 1]
[enable_bundle: 1]
[use_missing: 1]
[zero_as_missing: 0]
[feature_pre_filter: 1]
[pre_partition: 0]
[two_round: 0]
[header: 0]
[label_column: ]
[weight_column: ]
[group_column: ]
[ignore_column: ]
[categorical_feature: ]
[forcedbins_filename: ]
[precise_float_parser: 0]
[parser_config_file: ]
[objective_seed: 16083]
[num_class: 1]
[is_unbalance: 0]
[scale_pos_weight: 1]
[sigmoid: 1]
[boost_from_average: 1]
[reg_sqrt: 0]
[alpha: 0.9]
[fair_c: 1]
[poisson_max_delta_step: 0.7]
[tweedie_variance_power: 1.5]
[lambdarank_truncation_level: 30]
[lambdarank_norm: 1]
[label_gain: ]
[lambdarank_position_bias_regularization: 0]
[eval_at: ]
[multi_error_top_k: 1]
[auc_mu_weights: ]
[num_machines: 1]
[local_listen_port: 12400]
[time_out: 120]
[machine_list_filename: ]
[machines: ]
[gpu_platform_id: -1]
[gpu_device_id: -1]
[gpu_device_id_list: ]
[gpu_use_dp: 0]
[num_gpu: 1]

end of parameters

pandas_categorical:[]
