tree
version=v4
num_class=1
num_tree_per_iteration=1
label_index=0
max_feature_idx=157
objective=regression
feature_names=feature_KMID feature_KLEN feature_KMID2 feature_KUP feature_KUP2 feature_KLOW feature_KLOW2 feature_KSFT feature_KSFT2 feature_OPEN0 feature_HIGH0 feature_LOW0 feature_VWAP0 feature_ROC5 feature_ROC10 feature_ROC20 feature_ROC30 feature_ROC60 feature_MA5 feature_MA10 feature_MA20 feature_MA30 feature_MA60 feature_STD5 feature_STD10 feature_STD20 feature_STD30 feature_STD60 feature_BETA5 feature_BETA10 feature_BETA20 feature_BETA30 feature_BETA60 feature_RSQR5 feature_RSQR10 feature_RSQR20 feature_RSQR30 feature_RSQR60 feature_RESI5 feature_RESI10 feature_RESI20 feature_RESI30 feature_RESI60 feature_MAX5 feature_MAX10 feature_MAX20 feature_MAX30 feature_MAX60 feature_MIN5 feature_MIN10 feature_MIN20 feature_MIN30 feature_MIN60 feature_QTLU5 feature_QTLU10 feature_QTLU20 feature_QTLU30 feature_QTLU60 feature_QTLD5 feature_QTLD10 feature_QTLD20 feature_QTLD30 feature_QTLD60 feature_RANK5 feature_RANK10 feature_RANK20 feature_RANK30 feature_RANK60 feature_RSV5 feature_RSV10 feature_RSV20 feature_RSV30 feature_RSV60 feature_IMAX5 feature_IMAX10 feature_IMAX20 feature_IMAX30 feature_IMAX60 feature_IMIN5 feature_IMIN10 feature_IMIN20 feature_IMIN30 feature_IMIN60 feature_IMXD5 feature_IMXD10 feature_IMXD20 feature_IMXD30 feature_IMXD60 feature_CORR5 feature_CORR10 feature_CORR20 feature_CORR30 feature_CORR60 feature_CORD5 feature_CORD10 feature_CORD20 feature_CORD30 feature_CORD60 feature_CNTP5 feature_CNTP10 feature_CNTP20 feature_CNTP30 feature_CNTP60 feature_CNTN5 feature_CNTN10 feature_CNTN20 feature_CNTN30 feature_CNTN60 feature_CNTD5 feature_CNTD10 feature_CNTD20 feature_CNTD30 feature_CNTD60 feature_SUMP5 feature_SUMP10 feature_SUMP20 feature_SUMP30 feature_SUMP60 feature_SUMN5 feature_SUMN10 feature_SUMN20 feature_SUMN30 feature_SUMN60 feature_SUMD5 feature_SUMD10 feature_SUMD20 feature_SUMD30 feature_SUMD60 feature_VMA5 feature_VMA10 feature_VMA20 feature_VMA30 feature_VMA60 feature_VSTD5 feature_VSTD10 feature_VSTD20 feature_VSTD30 feature_VSTD60 feature_WVMA5 feature_WVMA10 feature_WVMA20 feature_WVMA30 feature_WVMA60 feature_VSUMP5 feature_VSUMP10 feature_VSUMP20 feature_VSUMP30 feature_VSUMP60 feature_VSUMN5 feature_VSUMN10 feature_VSUMN20 feature_VSUMN30 feature_VSUMN60 feature_VSUMD5 feature_VSUMD10 feature_VSUMD20 feature_VSUMD30 feature_VSUMD60
feature_infos=[-0.18378382921218872:0.23204429447650909] [0:0.2587992250919342] [-1:1] [0:0.17515505850315094] [0:1] [0:0.1814553290605545] [0:1] [-0.21837836503982544:0.2587992250919342] [-1:1] [0.81165915727615356:1.2251656055450439] [1:1.2768211364746094] [0.78991591930389404:1] [0.86167383193969727:1.1553093194961548] [0.50938946008682251:1.8084112405776978] [0.38546353578567505:2.5034608840942383] [0.20094425976276398:3.1202185153961182] [0.18492695689201355:5.7117090225219727] [0.13746649026870728:7.1328182220458984] [0.73912703990936279:1.3500000238418579] [0.58375918865203857:1.6204214096069336] [0.48958152532577515:2.2400727272033691] [0.40701004862785339:2.491147518157959] [0.28582838177680969:3.7705175876617432] [0:0.31421336531639099] [0.00023446726845577359:0.44042909145355225] [0.0005574155948124826:0.84243810176849365] [0.0005574155948124826:1.5140218734741211] [0.0005574155948124826:2.5884873867034912] [-0.18953272700309753:0.11699225753545761] [-0.14318288862705231:0.091486923396587372] [-0.13684648275375366:0.091486923396587372] [-0.153787761926651:0.091486923396587372] [-0.13677342236042023:0.091486923396587372] [0:1] [0:1] [0:1] [2.2261162995574702e-15:1] [8.3690260277435868e-10:1] [-0.11662719398736954:0.098536819219589233] [-0.23734408617019653:0.19709315896034241] [-0.45356476306915283:0.34632593393325806] [-0.59292685985565186:0.92638540267944336] [-1.1882275342941284:1.6086900234222412] [1:1.7841874361038208] [1:2.2531874179840088] [1:3.1650238037109375] [1:5.7535200119018555] [1:9.3708133697509766] [0.50947773456573486:1] [0.34822705388069153:1] [0.19764620065689087:1] [0.18116329610347748:1] [0.079663857817649841:1] [0.86649966239929199:1.6521495580673218] [0.72217452526092529:2.0949892997741699] [0.58081799745559692:3.0763568878173828] [0.47937741875648499:3.5877678394317627] [0.33353924751281738:7.2022075653076172] [0.58712047338485718:1.184606671333313] [0.39663863182067871:1.3228549957275391] [0.22801922261714935:1.6053929328918457] [0.19504037499427795:1.7554135322570801] [0.12582564353942871:2.6131875514984131] [0.20000000298023224:1] [0.10000000149011612:1] [0.05000000074505806:1] [0.033333335071802139:1] [0.01666666753590107:1] [0:1] [0:1] [0:1] [0:1] [0:1] [0.20000000298023224:1] [0.10000000149011612:1] [0.05000000074505806:1] [0.033333335071802139:1] [0.01666666753590107:1] [0.20000000298023224:1] [0.10000000149011612:1] [0.05000000074505806:1] [0.033333335071802139:1] [0.01666666753590107:1] [-0.80000001192092896:0.80000001192092896] [-0.89999997615814209:0.89999997615814209] [-0.94999998807907104:0.94999998807907104] [-0.96666663885116577:0.96666663885116577] [-0.98333334922790527:0.98333334922790527] [-1:1] [-1:1] [-1:1] [-1:1] [-1:1] [-1:1] [-1:1] [-1:1] [-1:1] [-1:1] [0:1] [0:1] [0:0.94999998807907104] [0:0.86666667461395264] [0:0.76666665077209473] [0:1] [0:1] [0:0.94999998807907104] [0:0.86666667461395264] [0:0.83333331346511841] [-1:1] [-1:1] [-0.94999998807907104:0.89999997615814209] [-0.76666665077209473:0.76666665077209473] [-0.75:0.55000001192092896] [0:1] [0:1] [0:1] [0:1] [0:1] [0:1] [0:1] [0:1] [0:1] [0:1] [-1:1] [-1:1] [-1:1] [-1:1] [-1:1] [0.20471267402172089:235.782958984375] [0.10461504012346268:383.34182739257812] [0.075067855417728424:425.7928466796875] [0.056173093616962433:430.86871337890625] [0.033522188663482666:438.94296264648438] [0.00029457567143253982:408.0859375] [0.0027553131803870201:414.00186157226562] [0.0027553131803870201:307.87985229492188] [0.0027553131803870201:262.36935424804688] [0.0027553131803870201:275.11691284179688] [0:2.2360680103302002] [0.018472533673048019:3.0074613094329834] [0.068585917353630066:3.8974208831787109] [0.068585917353630066:4.5948772430419922] [0.068585917353630066:5.3810009956359863] [0:1] [0:1] [0:1] [0:1] [0:1] [0:1] [0:1] [0:1] [0:1] [0:1] [-1:1] [-1:1] [-1:1] [-1:1] [-1:1]
tree_sizes=3021 3020 3043 3056 3027 3025 3034 3051 3055 3041 3007 3061 3057 3022 3081 3072 3086

Tree=0
num_leaves=31
num_cat=0
split_feature=1 57 48 100 81 81 82 82 9 73 89 79 44 82 32 10 38 5 86 86 25 52 46 79 39 38 0 17 114 43
split_gain=56.8039 9.64465 15.5173 9.06676 8.23049 16.0593 22.3562 7.31878 7.08243 5.98625 5.27508 4.22226 4.19311 3.86384 3.73527 3.35691 3.28939 3.13756 3.07667 2.90256 2.65628 2.57821 2.57785 2.31694 2.24421 2.04819 2.04264 1.9635 1.9019 1.79753
threshold=0.12535332143306735 1.2957590222358706 0.94281196594238292 0.47499999403953558 0.21666666865348819 0.25000000745058065 0.025000001303851608 0.058333335444331176 1.0663143396377566 0.90000000596046459 0.51963737607002269 0.45000000298023229 1.0983616113662722 0.075000002980232253 0.0027395965298637752 1.0187500119209292 -0.0027010934427380557 0.037703869864344604 -1.0000000180025095e-35 -0.45000000298023218 0.11504753679037096 0.7663862705230714 1.0806029438972475 0.15000000223517421 -0.0058394744992256156 -0.0003721041430253535 -0.018506219610571858 0.65963563323020946 0.55078560113906871 1.0398907065391543
decision_type=2 2 2 2 2 2 2 2 2 2 8 2 2 2 10 2 10 2 2 2 10 2 2 2 10 10 2 8 8 2
left_child=1 4 12 8 10 6 15 20 18 26 11 17 13 -3 28 -6 27 21 -4 -14 -5 23 -12 -1 -9 -25 -2 -16 -7 -27
right_child=9 2 3 7 5 14 -8 24 -10 -11 22 -13 19 -15 16 -17 -18 -19 -20 -21 -22 -23 -24 25 -26 29 -28 -29 -30 -31
leaf_value=0.0037700252332495531 -1.7814295836528996e-06 0.012605714846088589 0.0038484928507043787 0.015902514695460491 -0.0035909281743727534 0.0016163567248326134 0.00037742595399696283 0.0078517354038088356 0.010078458713238696 -0.0010778355859661663 0.0025240170291628435 0.0023047733109034106 0.0018105078338984614 0.0025940479724657025 -0.0026498989204244332 -0.011430671249588829 0.0015581504153376531 -0.00082583729115479369 1.1449842182043035e-05 -0.0013449610200278973 0.001800684711733498 0.002971368205521123 0.0012419548872895292 0.0042281600510608777 0.002915312437804192 0.0051186903386709979 -0.0069163501527213173 0.00023948666067060407 0.0023961362538388884 0.0092688272489421623
leaf_weight=2297 133 122 2833 341 215 21361 2446 864 416 708 6844 8743 1331 512 764 569 5662 323 626 1530 31 2982 9174 904 351 522 2003 3113 12293 680
leaf_count=2297 133 122 2833 341 215 21361 2446 864 416 708 6844 8743 1331 512 764 569 5662 323 626 1530 31 2982 9174 904 351 522 2003 3113 12293 680
internal_value=0.00177695 0.00200158 0.00355638 0.00522269 0.0018244 0.00139796 -0.00200284 0.00841968 0.0038991 -0.00517694 0.00243565 0.00306451 0.000966335 0.00461331 0.00165351 -0.00935404 0.000779748 0.0039196 0.00313931 0.000139993 0.0146276 0.00413425 0.00179287 0.00491002 0.00646887 0.00612816 -0.00651025 -0.000343789 0.00189972 0.00751234
internal_weight=90693 87849 8957 5462 78892 46423 3230 1587 3875 2844 32469 16451 3495 634 43193 784 9539 7708 3459 2861 372 7385 16018 4403 1215 2106 2136 3877 33654 1202
internal_count=90693 87849 8957 5462 78892 46423 3230 1587 3875 2844 32469 16451 3495 634 43193 784 9539 7708 3459 2861 372 7385 16018 4403 1215 2106 2136 3877 33654 1202
is_linear=0
shrinkage=1


Tree=1
num_leaves=31
num_cat=0
split_feature=11 32 58 81 81 82 82 17 26 71 5 17 12 106 29 48 117 10 80 142 28 44 152 10 23 40 0 27 52 91
split_gain=49.4226 8.81822 12.3417 7.48327 12.9739 18.8065 6.77481 13.8879 4.9313 4.79095 5.23426 4.48839 3.5474 3.59732 3.52007 3.51892 3.28722 3.12634 3.10592 2.89673 2.5225 2.28788 2.27463 2.24365 2.10627 1.87845 1.87124 1.79634 1.78807 1.76293
threshold=0.8845697045326234 -0.0035336153814569111 1.0460372567176821 0.21666666865348819 0.25000000745058065 0.025000001303851608 0.058333335444331176 0.9242461919784547 0.17079202085733416 0.6754380762577058 0.037703869864344604 0.69215101003646862 1.0015863776206972 0.38333334028720861 -0.0030800162348896261 0.92120456695556652 0.65877258777618419 1.0187500119209292 0.52500000596046459 0.9761771857738496 -0.040450284257531159 1.0941034555435183 0.50224241614341747 1.0330912470817568 0.035190185531973846 0.091909985989332213 0.016296277754008773 0.14805238693952563 0.8388943374156953 0.43786677718162542
decision_type=2 8 2 2 2 2 2 10 10 2 2 10 2 2 10 2 8 2 2 10 10 2 10 2 10 10 2 10 2 8
left_child=25 2 6 9 5 17 7 14 20 26 12 23 -11 24 -2 21 -12 -5 -9 -16 -4 -8 -17 -6 -14 -1 29 -24 -23 -3
right_child=1 3 8 4 11 -7 15 18 -10 10 16 -13 13 -15 19 22 -18 -19 -20 -21 -22 28 27 -25 -26 -27 -28 -29 -30 -31
leaf_value=-0.00891757204276508 -0.00051133277374026942 0.00092511054174148277 0.010365293563089588 -0.004641156263620219 -0.00089156158270282124 -0.0013097314338427007 0.00062796853748917374 0.012552289405376407 -0.0029294367122929543 0.00083840717048343997 0 -8.9303236019737237e-05 0.0052448846110985329 0.0013632777449588144 0.010844082572906137 -0.00025167787322203419 -0.0065650862720500348 -0.012314644665457309 0.0013586597569925753 0.0019754671637809821 0.0031043320861797721 -0.0037735887879455131 0.00081308036706413114 -0.0035259099817311259 0.0014118813323943785 -0.003086653165107988 -0.0010790890714206026 0.0025941701517659 -0.00057793646166410368 -0.00021032597603980703
leaf_weight=1563 997 5568 549 206 2068 2257 1263 421 98 8185 471 36432 1422 2670 138 2607 323 572 85 334 182 866 3885 1405 533 183 3382 2346 973 8734
leaf_count=1563 997 5568 549 206 2068 2257 1263 421 98 8185 471 36432 1422 2670 138 2607 323 572 85 334 182 866 3885 1405 533 183 3382 2346 973 8734
internal_value=-8.19817e-06 0.000154781 0.00127179 -6.64338e-05 -0.000495565 -0.00364769 0.000914316 0.00362991 0.0072036 0.000520909 0.00122635 -0.000254489 0.0014731 0.00258511 0.00112843 0.000460674 -0.00268854 -0.0103556 0.0107769 0.00469156 0.00863252 -0.000979974 0.00097203 -0.00197239 0.0042267 -0.00833716 -1.89887e-05 0.001492 -0.0021112 0.000228256
internal_weight=90718 88972 14744 74228 42940 3035 13915 1975 829 31288 13604 39905 12810 4625 1469 11940 794 778 506 472 731 3102 8838 3473 1955 1746 17684 6231 1839 14302
internal_count=90718 88972 14744 74228 42940 3035 13915 1975 829 31288 13604 39905 12810 4625 1469 11940 794 778 506 472 731 3102 8838 3473 1955 1746 17684 6231 1839 14302
is_linear=0
shrinkage=0.05


Tree=2
num_leaves=31
num_cat=0
split_feature=1 9 53 79 16 25 5 81 87 1 51 8 82 102 81 82 111 12 142 18 126 117 141 5 23 52 37 25 152 32
split_gain=47.6335 7.85363 9.32565 7.73731 20.8407 8.57736 5.92215 5.38454 5.32044 4.8401 3.86757 3.82366 6.76502 4.00164 3.53059 5.63084 2.95785 3.89246 2.63254 2.54758 2.36476 2.34805 1.92358 1.96421 1.82879 2.24689 1.74547 1.71938 1.66907 1.56088
threshold=0.12111108377575876 1.0710268616676333 1.1601572632789614 0.45000000298023229 1.3891803026199343 0.091671675443649306 0.032942539080977447 0.21666666865348819 -0.30833333730697626 0.14629016071558001 0.92040008306503307 -0.80000177025794972 0.025000001303851608 0.52500000596046459 0.25000000745058065 0.025000001303851608 0.083333335816860213 1.0010303258895876 1.3074900507926943 1.0536776781082156 0.38213986158370977 0.5332573950290681 0.82973870635032665 0.044628545641899116 0.034032281488180167 0.75566801428794872 0.53152719140052807 0.087906308472156539 0.47739495337009435 0.0027818985981866722
decision_type=2 2 2 2 10 8 2 2 2 2 2 2 2 2 2 2 2 2 10 2 10 8 10 2 10 2 10 10 10 8
left_child=1 3 -3 4 6 10 7 16 19 29 -6 12 13 -10 15 -9 -1 -18 -11 -5 22 -8 -13 -24 25 -19 -21 -25 -16 -2
right_child=9 2 -4 8 5 -7 21 14 11 18 -12 20 -14 -15 28 -17 17 24 -20 26 -22 -23 23 27 -26 -27 -28 -29 -30 -31
leaf_value=0.00050103860462571677 -0.0012943566994653372 0.0007172801416098838 0.008768258026823619 0.00038988523151684825 0.013679108149594707 0 0.0014191797811814555 -0.0087402279499643066 -0.0025037054975651533 -0.0086394646673304248 0.0035165271555717271 -0.0019801248943255084 -0.00091711735083852474 -0.009339349526480056 -0.00074862175856447478 -0.0006487924848339933 0.0010112388905643035 0.0049624753645459091 -0.0035749980113663087 0.0010424498344933665 0.002242449000873197 -0.0031097103918095708 -0.00043327864484167631 0.0024937994275749213 0.0012649432154190773 0.0020198740344791926 0.0053063298172618609 -0.0026318669169003526 0.00053474398376182055 -0.00489580076662676
leaf_weight=5567 498 991 578 12493 480 213 337 274 477 1457 135 1943 3308 432 3031 1066 4728 1749 359 580 830 1487 28389 993 1018 1150 459 186 14729 977
leaf_count=5567 498 991 578 12493 480 213 337 274 477 1457 135 1943 3308 432 3031 1066 4728 1749 359 580 830 1487 28389 993 1018 1150 459 186 14729 977
internal_value=-8.43253e-06 0.000212849 0.0037187 0.000148304 0.000708187 0.00854797 0.000521777 0.000674849 -0.000252693 -0.00591352 0.0115388 -0.000566904 -0.00198565 -0.00581397 0.000123613 -0.00234588 0.0014121 0.00199287 -0.00766832 0.000592463 -0.00038031 -0.00224524 -0.000451049 -0.000348815 0.00316442 0.00381352 0.00297748 0.00164125 0.000312874 -0.00371543
internal_weight=90914 87623 1569 86054 35964 828 35136 33312 50090 3291 615 36558 4217 909 19100 1340 14212 8645 1816 13532 32341 1824 31511 29568 3917 2899 1039 1179 17760 1475
internal_count=90914 87623 1569 86054 35964 828 35136 33312 50090 3291 615 36558 4217 909 19100 1340 14212 8645 1816 13532 32341 1824 31511 29568 3917 2899 1039 1179 17760 1475
is_linear=0
shrinkage=0.05


Tree=3
num_leaves=31
num_cat=0
split_feature=1 9 53 79 16 100 87 5 81 5 81 81 17 92 52 81 111 12 38 87 18 32 42 17 141 37 80 121 5 1
split_gain=46.0691 7.62895 8.45601 7.10089 17.7476 6.75064 5.34182 5.14502 5.49901 3.898 3.71261 7.3238 6.69328 4.32633 3.60865 3.15061 2.95376 3.48882 2.9749 2.80025 2.74633 2.62572 2.59357 2.55596 2.60286 2.52528 2.44005 2.16144 2.02088 1.86175
threshold=0.12535332143306735 1.0767771601676943 1.1601572632789614 0.45000000298023229 1.3891803026199343 0.42499999701976782 -0.40833333134651179 0.026472804136574272 0.21666666865348819 0.037703869864344604 0.21666666865348819 0.25000000745058065 0.86249479651451122 0.44803433120250707 0.67571452260017406 0.25000000745058065 0.083333335816860213 1.0023646950721743 -0.015258417464792727 0.84166666865348827 1.0630011558532717 0.00052472480456344794 -0.12870077043771741 0.65373903512954723 0.82973870635032665 0.76239502429962169 0.52500000596046459 0.29238411784172064 0.044628545641899116 0.075663406401872649
decision_type=2 2 2 2 10 2 2 2 2 2 2 2 10 10 2 2 2 2 10 2 2 8 10 8 10 10 2 10 2 2
left_child=1 3 -3 4 7 -6 20 8 16 22 27 12 13 -12 -7 19 -1 -18 -19 -10 -5 -9 -2 -13 -25 -20 -16 -8 -29 -23
right_child=9 2 -4 6 5 14 10 21 15 -11 11 23 -14 -15 26 -17 17 18 25 -21 -22 29 -24 24 -26 -27 -28 28 -30 -31
leaf_value=0.00053206957875792974 -0.0074301199684093811 0.00047401099514569173 0.008823532227178299 0.00051565557483510352 0.00049917490624965747 -0.0027509474854280312 0.0032809620605611456 0.001503667049385077 -0.0010680903510521731 -0.0076910920455085649 -0.010655513219635711 -0.003847081548971914 -0.001010495673442705 -0.0027150170345574976 0.012857879909391674 0.00030805594044958816 0.001170099049645514 0.00039569774731833349 0.0028945438285171601 -0.0071156378563485868 0.0038934056619326623 -0.00055723717857436843 -0.0018178065747902099 -0.0023329994920792394 -0.00040176529580627108 0.0062388642217148897 0.00053344871072719504 -0.00018736556836080394 0.002296434627661503 -0.0033606848158988984
leaf_weight=5376 320 730 535 10616 236 40 501 594 1040 1827 463 625 826 305 504 17258 4797 735 1746 243 644 1105 677 1943 18648 918 53 15089 864 1410
leaf_count=5376 320 730 535 10616 236 40 501 594 1040 1827 463 625 826 305 504 17258 4797 735 1746 243 644 1105 677 1943 18648 918 53 15089 864 1410
internal_value=-7.34995e-06 0.000194211 0.00404891 0.000137266 0.000673653 0.00788675 -0.000244527 0.000501425 0.000690516 -0.00629269 -0.000520582 -0.000933619 -0.00420729 -0.00757471 0.0107178 0.000127745 0.00145558 0.0020551 0.00328868 -0.00225709 0.00071361 -0.00143522 -0.00367489 -0.000685118 -0.000586532 0.00406765 0.0117778 4.89889e-05 -4.95757e-05 -0.00214954
internal_weight=90668 87844 1265 86579 36055 833 50524 35222 32113 2824 39264 22810 1594 768 597 18541 13572 8196 3399 1283 11260 3109 997 21216 20591 2664 557 16454 15953 2515
internal_count=90668 87844 1265 86579 36055 833 50524 35222 32113 2824 39264 22810 1594 768 597 18541 13572 8196 3399 1283 11260 3109 997 21216 20591 2664 557 16454 15953 2515
is_linear=0
shrinkage=0.05


Tree=4
num_leaves=31
num_cat=0
split_feature=1 0 116 53 147 16 56 139 79 23 16 142 82 12 17 2 48 28 52 81 92 124 96 81 5 29 11 25 149 113
split_gain=37.1393 7.28316 6.50101 6.39155 5.0724 7.81082 10.3351 4.92302 3.10882 3.77769 4.89906 2.99424 2.85686 5.35712 2.82781 2.76277 2.25025 1.95045 2.14301 2.56689 2.0621 1.88936 1.79839 1.92418 1.67275 1.66566 1.54978 1.53488 1.5343 1.53043
threshold=0.12111108377575876 -0.071069378405809389 0.69080266356468212 1.1601572632789614 0.49207715690135961 1.3363880515098574 1.1717621088027956 0.84619471430778515 0.45000000298023229 0.044128803536295898 1.2992014884948733 0.9761771857738496 0.025000001303851608 1.008922874927521 0.89190930128097545 -0.52626007795333851 0.93825262784957897 -0.0068965498358011237 0.76458609104156505 0.18333333730697635 0.42847110331058508 -0.31884071230888361 0.45912654697895056 0.21666666865348819 0.025423681363463405 -0.0070288323331624261 0.8845697045326234 0.087051838636398329 0.49731391668319708 0.3000320047140122
decision_type=2 2 10 2 8 10 2 10 2 8 8 10 2 2 8 2 2 8 2 2 10 8 10 2 2 8 2 10 10 10
left_child=1 3 4 -1 5 12 25 26 9 10 22 29 13 -3 -15 -4 -8 -10 19 -19 -21 -14 23 -6 -17 -7 -2 -9 -20 -12
right_child=7 2 15 -5 8 6 16 27 17 -11 11 -13 21 14 -16 24 -18 18 28 20 -22 -23 -24 -25 -26 -27 -28 -29 -30 -31
leaf_value=0.00091008508102033165 -0.0079872706536658813 0 0.0054690029014239916 0.0082886849488140769 0.0017545855440913522 0.0019775402743835001 -0.00058637783264315789 -0.00090646724446412103 -0.00012203193964169537 -0.0013387387106755493 0 0.0022982230726235173 -0.00012292029517932366 -0.008724709438665032 -0.001701059947766724 0.0019702958235371568 0.0029170681054869509 -0.00066596314261084218 0.0001021664734180391 -0.0046000675307178761 -0.0015440903917338647 0.00082833675058269066 -0.00026225198747428286 0.00026307414291337679 -0.0006634865136017202 0.010729794546529905 -0.0046620115840925146 -0.0044749962620357856 -0.0010249172903682841 0.011063211630754665
leaf_weight=726 1275 2163 510 513 3242 79 724 608 13856 3327 39 625 7727 307 309 3473 1157 2443 4950 1111 1234 15560 7707 6803 697 447 619 692 7451 187
leaf_count=726 1275 2163 510 513 3242 79 724 608 13856 3327 39 625 7727 307 309 3473 1157 2443 4950 1111 1234 15560 7707 6803 697 447 619 692 7451 187
internal_value=9.30513e-06 0.000203485 0.000148104 0.00400969 4.33368e-05 0.000582061 0.00330897 -0.00528495 -0.000245279 0.000208783 0.00048829 0.0041966 0.000328217 -0.00118137 -0.00529099 0.00196034 0.00154242 -0.000567632 -0.000923892 -0.00182707 -0.00301459 0.000510556 0.000307477 0.00074956 0.00151803 0.00951642 -0.00692992 -0.00284643 -0.000571025 0.00919301
internal_weight=90561 87367 86128 1239 81448 28473 2407 3194 52975 21930 18603 851 26066 2779 616 4680 1881 31045 17189 4788 2345 23287 17752 10045 4170 526 1894 1300 12401 226
internal_count=90561 87367 86128 1239 81448 28473 2407 3194 52975 21930 18603 851 26066 2779 616 4680 1881 31045 17189 4788 2345 23287 17752 10045 4170 526 1894 1300 12401 226
is_linear=0
shrinkage=0.05


Tree=5
num_leaves=31
num_cat=0
split_feature=1 89 27 25 16 29 116 139 17 30 5 53 92 8 57 17 36 87 124 0 121 17 30 124 107 8 58 22 149 40
split_gain=35.3128 7.42128 5.33998 6.91106 8.62753 4.48123 4.1113 4.04169 3.66973 3.04716 2.89089 2.72895 2.61228 5.25524 4.1905 2.43096 2.0696 1.97071 1.94714 1.74216 1.72893 1.68285 1.67214 1.61967 1.58487 1.57684 1.47604 1.47051 1.44737 1.34051
threshold=0.12535332143306735 0.45607632398605352 0.1227778270840645 0.088821507990360274 1.5152650475502016 -0.0043466694187372914 0.67926800251007091 0.84619471430778515 0.78707411885261547 0.00014193777315085757 0.031102173961699012 1.2239714264869692 0.45575453341007238 -0.74024075269699086 1.1672083735466006 0.65373903512954723 0.64981007575988781 0.80833333730697643 0.43493232131004339 -0.077304024249315248 0.29238411784172064 0.59424221515655529 0.0087837614119052904 -0.10556012019515036 0.44166666269302374 -0.61904653906822193 1.0507264137268069 1.3019470572471621 0.49462987482547766 -0.074587859213352189
decision_type=2 8 10 10 10 10 10 8 10 10 2 2 10 2 2 8 10 2 8 2 10 8 10 10 2 2 2 2 8 10
left_child=1 2 6 4 9 -6 15 -2 12 -4 16 18 13 14 28 -1 19 27 -10 26 -14 -15 -22 -17 -9 -8 -5 -11 -3 -21
right_child=7 8 3 10 5 -7 25 24 11 17 -12 -13 20 21 -16 23 -18 -19 -20 29 22 -23 -24 -25 -26 -27 -28 -29 -30 -31
leaf_value=-0.0040151716428696209 -0.0069893774619511732 -0.0036058811168039003 0.0010450134552246575 0 0.00089681011750591835 0.012714575067214171 0.006040266058867625 -0.0043568179454842133 -0.00017723218605206185 0.0035197349589056468 -0.0027314462739985285 0.0063736665079336674 0.0013683901183312161 -0.0040864436361241841 0.0026681742925429718 -0.00010046090964997382 0.0017521920644237702 0.00038778182257417004 0.0009640173937562552 -0.0028830448927017194 -0.00033020334161670161 -0.0007048019057794288 -0.0021362463590870015 0.00065200187523430477 -0.00016360012544095772 0.0019181848026979639 0.0078972287970278769 0.0083364199882334216 -0.009986418594562764 0
leaf_weight=340 1751 157 3102 111 121 310 292 724 29945 2235 733 166 1026 449 99 16346 2131 510 4266 632 4871 2399 1785 12587 364 1594 105 190 366 1062
leaf_count=340 1751 157 3102 111 121 310 292 724 29945 2235 733 166 1026 449 99 16346 2131 510 4266 632 4871 2399 1785 12587 364 1594 105 190 366 1062
internal_value=6.7121e-06 0.000184498 0.00066081 0.00159605 0.00266144 0.00952232 0.000321736 -0.00548021 -0.000257998 0.00216184 0.000141891 -8.58995e-07 -0.0010461 -0.0021891 -0.00636906 0.000174079 0.000676005 0.00332443 -3.34366e-05 -0.000498828 -0.00052307 -0.00125673 -0.000822305 0.000225173 -0.00300129 0.00258575 0.00366873 0.00392102 -0.00817699 -0.00106158
internal_weight=90769 87930 42401 11242 6468 431 31159 2839 45529 6037 4774 34377 11152 3470 622 29273 4041 2935 34211 1910 7682 2848 6656 28933 1088 1886 216 2425 523 1694
internal_count=90769 87930 42401 11242 6468 431 31159 2839 45529 6037 4774 34377 11152 3470 622 29273 4041 2935 34211 1910 7682 2848 6656 28933 1088 1886 216 2425 523 1694
is_linear=0
shrinkage=0.05


Tree=6
num_leaves=31
num_cat=0
split_feature=1 57 39 82 9 59 81 81 82 89 17 25 38 85 10 142 117 28 110 153 86 24 12 25 12 42 114 157 30 7
split_gain=34.2521 6.58717 9.58912 8.61225 7.0103 6.16789 5.55262 10.0779 14.8937 4.38986 3.5585 3.46249 2.86221 2.80483 2.75095 2.43164 2.40337 2.35646 2.32286 2.38928 2.27142 2.14151 1.99832 1.72443 1.70507 1.68812 1.4331 1.41599 1.24291 1.21531
threshold=0.13785236328840259 1.2464840412139895 -0.001394637976773083 0.058333335444331176 1.0564128160476687 1.0096209645271303 0.21666666865348819 0.25000000745058065 0.025000001303851608 0.50684100389480602 0.78965985774993908 0.088821507990360274 0.0042918480467051276 -0.22500000149011609 1.0177129507064822 1.4115215539932253 0.50621095299720775 -0.040450284257531159 1.0000000180025095e-35 -0.1105092130601406 -0.45000000298023218 0.042328258976340301 1.0023646950721743 0.12113311141729356 0.99264323711395275 -0.0015417257673107085 0.76670104265213024 0.045518543571233756 0.0015612064744345846 -0.019594052806496617
decision_type=2 2 8 2 2 2 2 2 2 8 10 10 10 2 2 10 10 8 2 8 2 8 2 10 2 10 10 10 10 2
left_child=1 6 3 5 11 16 9 8 14 18 12 -5 -9 -13 -8 29 -3 -6 -1 22 -4 -22 -20 -21 -11 -12 -26 -27 -28 -2
right_child=15 2 20 4 17 -7 7 10 -10 24 25 13 -14 -15 -16 -17 -18 -19 19 23 21 -23 -24 -25 26 27 28 -29 -30 -31
leaf_value=0.00030819296984954247 0 0.012117235438273926 0.00065155081882864246 0.0019834666436602307 0.0078792123977785445 0.0027719783263782287 -0.0035082585453369459 -0.0020811424765063958 -0.0011350357371355754 -0.0009181622441210343 -0.00026131695202161398 0.00082300363570342273 0 -0.0038254560854034505 -0.010870024305162396 -0.0023132500873539025 0.0011520307802973127 0.0018595454899709729 0.0014811259374822702 0.00093587740528927826 0.0014148980095260364 -0.0021356894589236778 0.0035795882396180765 -0.0037129507348418419 3.9389871936214588e-05 0.00068746075565616674 0.0063339945471631619 -0.00062133708166303453 0.0012142336822706461 -0.0072496588539061393
leaf_weight=6428 73 450 3694 2465 556 489 192 4003 2418 4630 20476 720 2779 571 585 372 68 265 3035 4531 532 1858 1951 204 10767 11484 147 2480 860 1730
leaf_count=6428 73 450 3694 2465 556 489 192 4003 2418 4630 20476 720 2779 571 585 372 68 265 3035 4531 532 1858 1951 204 10767 11484 147 2480 860 1730
internal_value=-9.75125e-06 0.00014184 0.00124893 0.00274529 0.00180861 0.00694706 -2.53501e-05 -0.000389525 -0.0030953 0.00047001 -0.000178525 0.000877416 -0.00122546 -0.00119565 -0.00912202 -0.00620779 0.0107791 0.00600165 0.00105546 0.00154436 -0.000116455 -0.00132418 0.00231282 0.000724291 -0.000103321 2.62177e-05 0.000212912 0.000451411 0.00201675 -0.00698188
internal_weight=90813 88638 11668 5584 4577 1007 76970 44417 3195 32553 41222 3756 6782 1291 777 2175 518 821 16149 9721 6084 2390 4986 4735 16404 34440 11774 13964 1007 1803
internal_count=90813 88638 11668 5584 4577 1007 76970 44417 3195 32553 41222 3756 6782 1291 777 2175 518 821 16149 9721 6084 2390 4986 4735 16404 34440 11774 13964 1007 1803
is_linear=0
shrinkage=0.05


Tree=7
num_leaves=31
num_cat=0
split_feature=11 89 32 48 81 82 8 57 30 82 144 25 15 152 79 87 109 92 29 17 25 126 139 79 12 76 46 27 11 18
split_gain=28.3935 5.85208 4.97629 4.8584 4.29596 3.44688 5.31697 3.79829 3.04181 3.50547 2.98227 2.86544 2.93706 2.48932 2.3145 2.23072 2.19729 1.86636 1.79846 1.72975 1.65622 1.8203 1.59568 1.57008 1.46985 1.45642 1.40195 1.39222 1.3789 1.23035
threshold=0.8845697045326234 0.45141318440437322 -0.0054802712984383098 0.9311545491218568 0.18333333730697635 0.025000001303851608 -0.6666644513607024 1.175930976867676 -0.0025078887119889255 0.075000002980232253 0.4947072714567185 0.14468673616647723 0.88523727655410778 0.49348671734333044 0.94999998807907116 0.85833334922790538 1.0000000180025095e-35 0.44426541030406957 0.0027185991639271383 0.62767717242240917 0.082944508641958251 0.40815353393554693 1.0777033567428591 0.25000000745058065 1.0034774541854861 0.050000002607703216 1.2442594766616824 0.12102206796407701 0.97365653514862072 1.1198952198028567
decision_type=2 8 10 2 2 2 2 2 10 2 8 10 10 10 2 2 2 10 10 8 10 8 10 2 2 2 2 10 2 2
left_child=22 2 3 18 11 6 7 10 -5 26 17 12 24 20 -11 23 29 -3 -2 -8 21 -7 -1 25 -4 27 -10 -6 -22 -15
right_child=1 5 4 8 15 13 19 -9 9 14 -12 -13 -14 16 -16 -17 -18 -19 -20 -21 28 -23 -24 -25 -26 -27 -28 -29 -30 -31
leaf_value=-0.0069042628669289596 -0.00080352519382473711 -0.0096265203404602168 0.0015545603389332176 0.001830144340726452 0.0015792068386662281 -0.00044217776862388202 -0.0032054043374206854 0.0013962686669504692 0 0.0012412748422929813 -0.0015868153687893548 -0.0040986412370591953 0.00065538806165952018 -0.00011236304943745845 0.0059426757877636778 -0.0021874404516024752 0.00099706286340721395 -0.0042605882139894642 0.0038410914383627693 -0.00020647435622871992 -0.002488791054880775 0.001847214430899457 -0.001536026516529212 -0.00017118914209131254 0.0035783355558050749 0.00048328906758653622 0.011144062213722892 0.0071785766000415745 -0.00051671273772679698 0.0040630768477037723
leaf_weight=1531 1504 396 2675 2116 501 12474 548 246 34 580 392 256 8548 16091 533 1153 6930 358 240 4310 1787 926 180 17301 1482 5093 256 158 1915 177
leaf_count=1531 1504 396 2675 2116 501 12474 548 246 34 580 392 256 8548 16091 533 1153 6930 358 240 4310 1787 926 180 17301 1482 5093 256 158 1915 177
internal_value=7.53668e-06 0.000130802 0.000555887 0.00199673 0.000350464 -0.00025559 -0.00134857 -0.00407754 0.00306658 0.00489314 -0.00529634 0.00108519 0.00119389 -8.48132e-05 0.00354091 -4.09051e-05 0.00025112 -0.00715401 -0.00013387 -0.000555645 -0.000543401 -0.000280113 -0.00636995 6.43756e-05 0.00228876 0.000781511 0.00988108 0.0030063 -0.00148258 -6.36129e-05
internal_weight=90691 88980 42430 5263 37167 46550 6250 1392 3519 1403 1146 12961 12705 40300 1113 24206 23198 754 1744 4858 17102 13400 1711 23053 4157 5752 290 659 3702 16268
internal_count=90691 88980 42430 5263 37167 46550 6250 1392 3519 1403 1146 12961 12705 40300 1113 24206 23198 754 1744 4858 17102 13400 1711 23053 4157 5752 290 659 3702 16268
is_linear=0
shrinkage=0.05


Tree=8
num_leaves=31
num_cat=0
split_feature=1 0 53 36 25 16 84 91 91 137 73 51 92 8 17 71 141 80 5 81 157 84 92 81 5 107 126 87 42 62
split_gain=27.5046 5.45528 5.22636 4.05812 3.92027 12.1572 9.04461 4.03897 3.43819 3.2804 3.21126 2.73989 2.46411 4.46928 4.31082 2.19253 1.84332 1.69024 1.57905 1.57191 1.35887 1.46723 1.40072 1.29394 1.28809 1.2827 1.25767 1.39259 1.22365 1.21504
threshold=0.13043481856584552 -0.071069378405809389 1.1601572632789614 0.8346342444419862 0.098389051854610457 1.4102833271026614 -1.0000000180025095e-35 0.25900429487228399 0.43382249772548681 0.40328086912631994 0.90000000596046459 0.9276312291622163 0.38310989737510687 -0.80000177025794972 0.88138434290885936 0.72495964169502269 0.96332901716232311 0.37500000000000006 0.03923341631889344 0.18333333730697635 -0.024288721382617947 0.25000000745058065 0.63088983297348034 0.083333335816860213 0.044628545641899116 0.37500000000000006 0.35915823280811315 -0.35833333432674402 -0.034125545993447297 0.66415613889694225
decision_type=2 2 2 10 8 10 2 10 10 10 2 2 10 2 10 2 8 2 2 2 10 2 10 2 2 2 10 2 10 2
left_child=1 2 -1 4 5 8 7 -7 20 -6 -2 -8 13 14 17 -5 -11 19 23 -10 -3 24 -23 -17 29 -24 27 -14 -9 -22
right_child=10 3 -4 15 9 6 11 28 12 16 -12 -13 26 -15 -16 18 -18 -19 -20 -21 21 22 25 -25 -26 -27 -28 -29 -30 -31
leaf_value=0.00066295220342075384 -0.0061495909141952854 0.0010303382863372766 0.0072012440566852423 0.00038017415332369564 -0.0030302791216141921 -0.002223877307766292 0.011137466193521921 0.0027203012230474816 -0.00013272147819710274 -0.0016102247813709319 -0.0017454070202929301 0.00045434329155717549 0.00057110462205657109 -0.00059267785254308236 -0.00071741669146945246 0.0031900030785942165 0.00017301431455714675 -0.0028504410647172658 -0.0018622604870009005 -0.01116717117137566 0.0026420783875938953 0.00051373765290161483 0.0063037949642724316 0.001214095716569317 0.0022545669102897502 0.0016052842095653766 0.0013790328825348298 -0.00027661898629242112 0.0089627700701412818 -0.0003034179071170135
leaf_weight=762 1917 7934 532 4080 1662 391 478 298 47 2332 573 80 5837 6551 463 1998 3715 157 226 278 358 6102 191 1601 555 855 1439 27860 130 11062
leaf_count=762 1917 7934 532 4080 1662 391 478 298 47 2332 573 80 5837 6551 463 1998 3715 157 226 278 358 6102 191 1601 555 855 1439 27860 130 11062
internal_value=2.31866e-05 0.000170439 0.00339312 0.000121714 1.26904e-05 0.000129495 0.00478039 0.00136065 3.68117e-05 -0.00105747 -0.00515728 0.00969883 -0.000242194 -0.00106556 -0.00428675 0.00120169 -0.00050657 -0.00760327 0.00206458 -0.0097301 0.000478264 0.000246555 0.000814071 0.0023255 -8.8065e-05 0.00251619 -6.50871e-05 -0.00012828 0.0047494 -0.00020648
internal_weight=90464 87974 1294 86680 78775 71066 1377 819 69689 7709 2490 558 42632 7496 945 7905 6047 482 3825 325 27057 19123 7148 3599 11975 1046 35136 33697 428 11420
internal_count=90464 87974 1294 86680 78775 71066 1377 819 69689 7709 2490 558 42632 7496 945 7905 6047 482 3825 325 27057 19123 7148 3599 11975 1046 35136 33697 428 11420
is_linear=0
shrinkage=0.05


Tree=9
num_leaves=31
num_cat=0
split_feature=1 89 32 28 81 30 25 82 8 57 82 142 15 82 81 2 147 5 114 53 77 38 8 82 132 92 102 82 29 30
split_gain=25.0218 5.4778 3.76662 4.71832 3.95216 3.33004 2.94559 2.86952 3.10328 3.40299 2.7448 2.67227 2.01618 1.95693 4.86834 2.66055 1.95208 1.91345 1.9998 1.9042 1.68158 1.67937 1.99192 1.88345 1.5154 1.49175 1.4589 1.43085 1.86021 1.33446
threshold=0.13043481856584552 0.49460037052631384 -0.0052938591688871375 0.0010265924502164128 0.18333333730697635 -0.001688758435193449 0.12113311141729356 0.025000001303851608 -0.74024075269699086 1.175930976867676 0.075000002980232253 1.3110332489013674 0.93539807200431835 0.025000001303851608 0.31666667759418493 -0.33333322405815119 0.50309342145919811 0.026472804136574272 0.71746617555618297 1.1259894967079165 0.69166666269302379 -0.019401369616389271 -0.42857432365417475 0.24166666716337207 0.58530592918396007 0.27504266798496252 0.55833333730697643 0.041666667908430106 0.004878007574006916 0.011557043064385654
decision_type=2 8 10 10 2 10 10 2 2 2 2 10 10 2 2 2 10 2 10 2 2 10 2 2 2 10 2 2 10 10
left_child=1 2 3 5 12 -1 10 8 9 16 -7 20 21 14 15 -6 -3 18 -9 -12 -2 -4 23 25 -20 -23 -10 28 -5 -29
right_child=11 7 4 27 13 6 -8 17 26 -11 19 -13 -14 -15 -16 -17 -18 -19 24 -21 -22 22 -24 -25 -26 -27 -28 29 -30 -31
leaf_value=0.0015684082996156796 -0.0038263181996501835 -0.0076224592833791837 -0.00097715554194615435 0 -0.0079563269342084412 0.01014214556055924 -0.0027704097278056787 -0.00016870360020363915 -0.00023221793454094683 0.0020511806518707424 0.0023527554662792806 -0.0018864023271736976 0.00041987741800101589 0.00013779140605706011 -3.2924168613759862e-05 -0.001996508351070448 -0.0026224622769423439 -0.0013379544742157577 -3.6746463771834267e-05 0.0069421172280420499 -0.0071119718701037312 0.00062746007159968694 0.0013926107693460349 0.0010514682022010381 0.0016767565236850386 0.0062118650513029476 -0.0023372277132149475 -0.00048013685485364901 0.0088085067883174831 -0.0059930988957677955
leaf_weight=2573 722 423 539 175 336 252 114 28849 3492 192 661 589 7101 22548 2475 493 442 2935 2267 391 1170 172 4905 494 2832 650 1105 1494 90 121
leaf_count=2573 722 423 539 175 336 252 114 28849 3492 192 661 589 7101 22548 2475 493 442 2935 2267 391 1170 172 4905 494 2832 650 1105 1494 90 121
internal_value=-7.14615e-06 0.00013175 0.00051294 0.00169704 0.000336591 0.00267116 0.00463439 -0.000275573 -0.00132518 -0.00377863 0.00532168 -0.00495871 0.00101785 -2.67675e-05 -0.00116462 -0.00447898 -0.00513126 -0.000113286 -5.89675e-06 0.00411095 -0.00588724 0.00163843 0.00187321 0.00362411 0.000905277 0.00510629 -0.00074948 -0.000344645 0.00301009 -0.000927576
internal_weight=90602 88121 45584 5871 39713 3991 1418 42537 5654 1057 1304 2481 13861 25852 3304 829 865 36883 33948 1052 1892 6760 6221 1316 5099 822 4597 1880 265 1615
internal_count=90602 88121 45584 5871 39713 3991 1418 42537 5654 1057 1304 2481 13861 25852 3304 829 865 36883 33948 1052 1892 6760 6221 1316 5099 822 4597 1880 265 1615
is_linear=0
shrinkage=0.05


Tree=10
num_leaves=31
num_cat=0
split_feature=1 89 27 25 142 39 47 29 25 116 38 17 81 8 92 116 142 81 80 67 44 134 119 29 132 30 22 11 48 11
split_gain=22.0064 5.04311 4.28603 5.23146 6.47829 3.32663 3.8824 2.92434 2.86387 2.61402 2.59645 2.3126 2.54587 2.79793 2.11255 2.08027 2.07033 2.03796 1.94001 1.85461 1.8312 2.09124 1.6403 1.55433 1.54092 1.5331 1.48413 2.24183 1.41622 1.2909
threshold=0.12111108377575876 0.53139176964759838 0.11213496699929239 0.090640846639871611 0.84930172562599193 -0.0040240830276161424 1.5556241273880007 -0.003543009283021092 0.087051838636398329 0.68303531408309948 0.0013351454399526121 0.78707411885261547 0.18333333730697635 -0.74024075269699086 0.46339482069015508 0.43162553012371069 1.2737749218940737 0.58333334326744091 0.075000001117587103 0.050423728302121169 1.1486916542053225 0.42510421574115759 0.27018114924430853 -0.0018315181951038537 0.72142392396926891 0.0015612064744345846 0.92599555850029003 0.98559454083442699 0.98539820313453685 0.87405452132225048
decision_type=2 8 10 10 10 10 2 10 8 8 10 10 2 2 10 10 10 2 2 2 2 10 10 10 2 8 2 2 2 2
left_child=1 2 9 4 7 6 10 -4 29 18 -6 12 -3 14 17 -9 -8 -14 -1 -5 21 -21 25 -7 -10 -13 27 -12 -29 -2
right_child=8 11 3 19 5 23 16 15 24 -11 26 22 13 -15 -16 -17 -18 -19 -20 20 -22 -23 -24 -25 -26 -27 -28 28 -30 -31
leaf_value=0.000939982784936394 -0.0051299158171669926 -0.00018442834295445297 0.00019460646521851974 0.0016971572603426491 0.00045252643386096752 -0.00019777815725345442 0.0064495040895035166 0.012596548443676844 -0.0032440621621385095 0.0020227834925307538 0.0027352985307798464 0.0028290906734788897 -0.0096173221054529131 -0.001236031919834641 -0.0020910374493367813 0.0051196984058462904 0.0020571552592831615 0 -0.00012251552324261508 -0.00053757528710350339 -0.0013555592793828043 0.0029815214133050178 -0.0002022740553557005 0.0017686079583941431 -0.0060593634691223728 0.0003353004731204274 0.0015810998427285437 0.011047497058249508 0 -0.00048156591381375312
leaf_weight=5130 201 5039 134 1213 2116 2681 791 222 896 1777 437 837 268 3663 441 218 468 81 26238 1158 2631 649 26008 1572 1435 2567 712 184 44 697
leaf_count=5130 201 5039 134 1213 2116 2681 791 222 896 1777 437 837 268 3663 441 218 468 81 26238 1158 2631 649 26008 1572 1435 2567 712 184 44 697
internal_value=-1.28402e-05 0.000136588 0.000477812 0.00117259 0.00188437 0.0015485 0.00246038 0.00705481 -0.00406611 0.000157029 0.00158025 -0.000286422 -0.000965355 -0.00183758 -0.0045585 0.0090255 0.00485938 -0.00751868 4.96786e-05 -2.52201e-05 -0.000507523 0.000699634 -6.55872e-05 0.000517532 -0.0050005 0.000963827 0.00327532 0.0050091 0.0091179 -0.00158218
internal_weight=90508 87279 48375 15230 9579 9005 4752 574 3229 33145 3493 38904 9492 4453 790 440 1259 349 31368 5651 4438 1807 29412 4253 2331 3404 1377 665 228 898
internal_count=90508 87279 48375 15230 9579 9005 4752 574 3229 33145 3493 38904 9492 4453 790 440 1259 349 31368 5651 4438 1807 29412 4253 2331 3404 1377 665 228 898
is_linear=0
shrinkage=0.05


Tree=11
num_leaves=31
num_cat=0
split_feature=1 38 17 0 33 116 29 47 32 11 147 142 124 142 28 145 47 25 142 147 142 8 81 81 17 82 12 81 81 141
split_gain=20.1991 4.18283 6.23618 4.90277 4.39903 4.12917 3.4985 4.3955 3.75885 7.36721 2.70017 2.69173 2.57439 2.84436 2.61459 2.2933 1.88994 2.01479 1.84693 1.79889 1.77561 1.70514 1.69543 2.15146 1.81466 1.66129 3.53891 1.96833 1.69453 1.61128
threshold=0.13785236328840259 0.0073290343862026939 0.65963563323020946 -0.071069378405809389 0.74707764387130748 0.6947641670703889 -0.0058292171452194444 1.6870228648185732 0.0059365411289036283 0.97783517837524425 0.53384011983871471 1.2640033960342409 0.19904097914695743 0.80640169978141796 -0.007382866693660616 0.4814083874225617 1.4579386711120608 0.091671675443649306 1.0404824614524844 0.49425926804542547 1.4115215539932253 -0.59999838471412648 0.21666666865348819 0.25000000745058065 0.9242461919784547 0.025000001303851608 1.008922874927521 0.58333334326744091 0.21666666865348819 0.9743393361568452
decision_type=2 10 8 2 10 10 10 2 10 2 8 10 8 10 8 10 2 10 10 10 10 2 2 2 10 2 2 2 2 10
left_child=1 2 11 4 -4 10 19 8 -8 -10 12 -1 14 -14 16 -9 22 18 -18 -3 -2 -7 -5 24 -24 26 -16 28 -28 -19
right_child=20 6 3 5 -6 21 7 15 9 -11 -12 -13 13 -15 25 -17 17 29 -20 -21 -22 -23 23 -25 -26 -27 27 -29 -30 -31
leaf_value=-0.0033922010762517858 -0.0054747066383590854 0.00071221960721087798 0.00028824608188270676 0.00075017642290052869 0.0064342460107203337 0.0047545846226076296 0.00066838215709914665 0.0098487250614156738 0.0014107007788884207 0.0087750558375351492 -0.0015587911079165597 -0.00064614628561462787 0.0070365563517107684 0.00049552728304430745 -0.00063242748774493165 0.0011519105514099406 0.0056144709108485831 -0.0024050175042780409 0.0015740452027711606 -0.00057507057866511095 -0.0014471694836332896 0.0012955654330960591 -0.0068799262840134635 -0.00024310372520221907 -0.00011580259478068912 -0.00041177004674991362 -0.0018652655926650081 0 -0.008117879888456454 0.0015151681696185405
leaf_weight=1941 1768 4645 648 4705 556 486 13100 218 1671 434 3145 1750 169 11813 2094 138 378 486 1398 6512 367 1616 233 7221 199 21652 186 174 375 558
leaf_count=1941 1768 4645 648 4705 556 486 13100 218 1671 434 3145 1750 169 11813 2094 138 378 486 1398 6512 367 1616 233 7221 199 21652 186 174 375 558
internal_value=-1.6562e-06 0.000113751 -0.000111609 1.41741e-05 0.00317091 -5.18119e-05 0.000636732 0.00112128 0.000988578 0.00295624 -0.000136126 -0.00210429 -4.84873e-05 0.000592537 -0.000243428 0.00663021 0.000269931 0.00143768 0.00246481 -3.46355e-05 -0.0048068 0.00212098 0 -0.000455809 -0.00388698 -0.000563746 -0.00170869 -0.00470197 -0.0061408 -0.000262454
internal_weight=90636 88501 61783 58092 1204 56888 26718 15561 15205 2105 54786 3691 51641 11982 39659 356 15178 2820 1776 11157 2135 2102 12358 7653 432 24481 2829 735 561 1044
internal_count=90636 88501 61783 58092 1204 56888 26718 15561 15205 2105 54786 3691 51641 11982 39659 356 15178 2820 1776 11157 2135 2102 12358 7653 432 24481 2829 735 561 1044
is_linear=0
shrinkage=0.05


Tree=12
num_leaves=31
num_cat=0
split_feature=1 89 27 39 157 38 3 121 59 82 82 11 59 40 80 80 82 80 8 36 16 25 17 16 77 17 27 5 126 80
split_gain=18.8595 4.48164 3.40539 4.60188 4.1358 3.25496 2.94065 2.85262 2.8098 2.66312 2.58673 2.71928 2.43512 2.36321 2.18376 3.44248 2.24489 5.26849 4.16437 2.11806 1.88382 2.00123 1.65894 1.62528 1.60184 1.46539 1.43397 1.42111 1.36256 1.35439
threshold=0.12111108377575876 0.49869064986705786 0.1227778270840645 0.0029014149913564329 -0.025490128435194489 -0.0036007780581712718 0.022532604634761814 0.31790092587471014 1.014575779438019 0.4083333313465119 0.20833333581686023 0.97365653514862072 1.098625719547272 -0.040524965152144425 0.37500000000000006 0.62500000000000011 0.025000001303851608 0.27500000596046453 -0.55932310223579396 0.5919209122657777 1.432964622974396 0.091671675443649306 0.66562974452972423 1.3891803026199343 0.35833333432674414 0.74410033226013195 0.27216179668903356 0.068642560392618193 0.41833338141441351 0.075000001117587103
decision_type=2 8 10 10 10 10 2 10 2 2 2 2 2 10 2 2 2 2 2 10 10 10 8 10 2 8 10 2 10 2
left_child=1 2 7 4 20 6 24 -1 10 14 11 -7 26 -2 16 23 17 25 -19 -5 -4 -22 -9 -16 -6 -3 -11 -15 -18 -24
right_child=13 9 3 19 5 8 -8 22 -10 12 -12 -13 -14 27 15 -17 28 18 -20 -21 21 -23 29 -25 -26 -27 -28 -29 -30 -31
leaf_value=0.0020700375874582472 -0.0053145063647651722 -0.0027520949325839719 0.0030562343720666831 -0.00096579672470622807 0.0031401847849598392 0.0020953228723050821 -0.0029255776255040378 -0.0028764882412360749 0.00017783398199521769 0.00028978076588255492 0.0011371470757806674 0.0077053957176857063 0.0062953726789655995 -0.0015784506726964802 0.00096619978795863903 -0.00068364383539644793 -0.00076814057139340682 -0.0099008909097129533 -0.0024471142186905295 0.0010780867479370342 0.0090232473721900738 0.0014082130511179831 0.00089717050932779519 0.0072171311629724445 -0.00011107636587343248 -9.9293793979519636e-05 -0.0022487380021554036 -0.0050106715760126555 0.0013913641134115004 0
leaf_weight=1954 1454 774 1599 2521 572 404 668 459 893 15318 624 553 165 1271 3860 7149 10651 338 475 2542 323 141 5017 109 1037 1716 573 432 768 26241
leaf_count=1954 1454 774 1599 2521 572 404 668 459 893 15318 624 553 165 1271 3860 7149 10651 338 475 2542 323 141 5017 109 1037 1716 573 432 768 26241
internal_value=-6.53261e-06 0.000130003 0.000473672 0.00120249 0.00205097 0.00122347 -0.000119922 0.000215076 0.00247963 -0.000242431 0.00374723 0.00539394 0.000261158 -0.00380305 -0.000557275 -2.37136e-05 -0.000956793 -0.00211095 -0.00561576 5.05204e-05 0.00393095 0.00682473 9.91592e-05 0.00115224 0.00101492 -0.000944745 0.000194965 -0.00248087 -0.000618413 0.000144545
internal_weight=90601 87444 45548 11877 6814 4751 2277 33671 2474 41896 1581 957 16056 3157 25840 11118 14722 3303 813 5063 2063 464 31717 3969 1609 2490 15891 1703 11419 31258
internal_count=90601 87444 45548 11877 6814 4751 2277 33671 2474 41896 1581 957 16056 3157 25840 11118 14722 3303 813 5063 2063 464 31717 3969 1609 2490 15891 1703 11419 31258
is_linear=0
shrinkage=0.05


Tree=13
num_leaves=31
num_cat=0
split_feature=11 77 82 8 16 79 37 11 38 58 80 142 152 79 25 80 80 48 112 141 116 16 51 79 102 40 5 9 96 146
split_gain=16.4685 4.18146 4.97295 5.57095 4.42917 6.79091 4.06359 4.31651 5.88659 3.6477 3.04039 2.7682 2.63111 2.7945 2.61904 2.5922 2.45555 2.37088 2.32381 2.26857 1.78035 1.73043 1.71645 1.68365 1.65676 1.57643 1.46742 1.37883 1.25993 1.2566
threshold=0.89296352863311779 0.35833333432674414 0.025000001303851608 -0.7113402485847472 1.2892321944236758 0.35000000894069677 0.79783603549003612 0.98027950525283825 0.0053598377853631982 1.0396189093589785 0.37500000000000006 1.0582098960876467 0.49327164888381964 0.25000000745058065 0.11504753679037096 0.17500000447034839 0.12500000372529033 0.94176939129829418 0.14166667312383655 0.9203162193298341 0.73448076844215404 1.4102833271026614 0.72539231181144725 0.15000000223517421 0.59166666865348827 -0.036383910104632371 0.024956103414297107 1.0710268616676333 0.33331501483917242 0.60047420859336864
decision_type=2 2 2 2 10 2 10 2 8 2 2 10 10 2 10 2 2 2 2 8 8 10 2 2 2 8 2 2 8 10
left_child=25 4 3 10 9 11 12 23 -9 16 15 14 19 21 -6 -3 22 -7 -10 -4 -21 -14 29 26 -5 -1 -8 -11 -22 -2
right_child=1 2 6 24 5 17 7 8 18 27 -12 -13 13 -15 -16 -17 -18 -19 -20 20 28 -23 -24 -25 -26 -27 -28 -29 -30 -31
leaf_value=-0.0057822306590919591 0.0035524875349140354 -0.0026197627922315749 -0.0022982989030738018 -0.00024956219306455511 0.010696830822760239 -0.00059582771615474049 -6.2713416089180737e-05 0.0014138661263171128 0.0034106001101400392 0.0014681605323382846 -0.0010522273536709233 0.0024084492789201994 0.00094662148973013538 -0.0001114838014479378 -0.0031869980863120876 -0.0084460856182740473 0 0.002489289598447702 0.0098919137858697777 -0.00054803645429392725 -0.0018576166759101819 0.0059970436482130966 0.00075202483066458899 0.00083433830552643326 -0.0025334388803781218 -0.0028987456791371934 -0.0038321765456538559 0.0055047840967948763 0.002501306199811894 -0.0028142383469170647
leaf_weight=1045 922 358 1786 4368 374 1066 735 2057 288 487 500 242 6151 19307 31 504 20756 1427 338 15390 194 178 5950 2412 989 1067 422 446 813 75
leaf_count=1045 922 358 1786 4368 374 1066 735 2057 288 487 500 242 6151 19307 31 504 20756 1427 338 15390 194 178 5950 2412 989 1067 422 446 813 75
internal_value=1.06118e-05 0.000115239 -0.000141044 -0.00141836 0.00057483 0.00236025 2.93846e-05 0.00122259 0.00273799 0.000377234 -0.00427948 0.00693608 -0.000139742 0.000185067 0.00950573 -0.00609011 0.000271648 0.00115034 0.00700004 -0.000600421 -0.000412306 0.00109749 0.00108526 6.89329e-05 -0.000680934 -0.00435119 -0.00148287 0.00345514 0.00161094 0.00302111
internal_weight=90678 88566 56790 6719 31776 3140 50071 6252 2683 28636 1362 647 43819 25636 405 862 27703 2493 626 18183 16397 6329 6947 3569 5357 2112 1157 933 1007 997
internal_count=90678 88566 56790 6719 31776 3140 50071 6252 2683 28636 1362 647 43819 25636 405 862 27703 2493 626 18183 16397 6329 6947 3569 5357 2112 1157 933 1007 997
is_linear=0
shrinkage=0.05


Tree=14
num_leaves=31
num_cat=0
split_feature=11 38 17 9 53 92 29 16 119 11 82 27 31 17 12 80 80 94 81 82 11 13 16 56 157 40 81 112 50 6
split_gain=14.5382 3.59025 5.61279 4.42931 3.6632 3.64529 2.96572 8.33767 2.91575 2.95915 2.81701 2.60741 2.31561 2.81918 3.00753 3.14088 2.57237 2.22135 2.20222 2.10642 3.18933 1.85013 1.65596 1.62994 1.57434 1.48789 1.47826 1.46052 1.45255 1.37673
threshold=0.89296352863311779 0.0067068012431263932 0.65963563323020946 1.0710268616676333 1.1601572632789614 0.38310989737510687 -0.0058292171452194444 1.432964622974396 0.41754209995269781 0.97337868809700023 0.99166667461395275 0.12363375350832941 0.004507240606471897 0.84444344043731701 1.008922874927521 0.37500000000000006 0.27500000596046453 0.62157809734344494 0.050000002607703216 0.19166667014360431 0.98241049051284801 1.1555078625679018 1.2798949480056765 1.0982183218002322 -0.0083243856206536276 -0.036383910104632371 0.21666666865348819 0.10833333432674409 0.83299109339714061 0.34146137535572058
decision_type=2 10 8 2 2 10 10 10 8 2 2 10 10 10 2 2 2 10 2 2 2 10 10 2 10 8 2 2 2 2
left_child=25 2 5 8 -5 -2 24 11 9 -4 12 -8 13 14 -10 16 -16 19 -7 20 -13 -12 26 -24 -3 -1 27 -11 -15 -27
right_child=1 6 3 4 -6 18 7 -9 10 22 21 17 -14 28 15 -17 -18 -19 -20 -21 -22 -23 23 -25 -26 29 -28 -29 -30 -31
leaf_value=-0.0054747658324750675 -0.0041128804181102671 0.00061330973682484097 -0.00077604707707998484 0.00068943951867561225 0.0057586074183573893 0.0013348292699463683 0.00050963348828119727 0.0082053997162935804 -0.0007363095786772205 0.00079564369536257911 0.00094753282230371791 0.0029056399111994841 0.00052616404259537284 -0.0022457052819003019 -0.003271057970060152 -0.00079557650600012753 -0.00886912117479546 -0.00020360037466804742 -0.0018546524186676483 0.0012647164410562902 0.0092215025559877414 0.0057759870849559813 0.0087310375687771283 0.00030677695045014841 -0.00055756903447457353 -0.00094004630690813307 0.00031632818942322488 0.0026084163835522773 -0.00027223494697969371 -0.0046768326415517125
leaf_weight=1043 1310 5213 3525 964 591 785 12772 394 3357 3377 1762 992 5760 977 685 758 328 746 1657 1170 267 231 132 124 6377 588 7620 1754 25125 484
leaf_count=1043 1310 5213 3525 964 591 785 12772 394 3357 3377 1762 992 5760 977 685 758 328 746 1657 1170 267 231 132 124 6377 588 7620 1754 25125 484
internal_value=1.3242e-05 0.000111442 -0.000103365 1.89388e-05 0.00265065 -0.00197651 0.000580977 0.00101495 -5.39222e-05 0.000501387 -0.000290708 0.000833653 -0.00039046 -0.000561133 -0.00163546 -0.00331023 -0.00513993 0.00212077 -0.000808775 0.002855 0.004291 0.00153487 0.000851458 0.00486216 -2.6605e-05 -0.00408204 0.00076664 0.00142546 -0.000348101 -0.00267656
internal_weight=90868 88753 60822 57070 1555 3752 27931 16341 55515 16532 38983 15947 36990 31230 5128 1771 1013 3175 2442 2429 1259 1993 13007 256 11590 2115 12751 5131 26102 1072
internal_count=90868 88753 60822 57070 1555 3752 27931 16341 55515 16532 38983 15947 36990 31230 5128 1771 1013 3175 2442 2429 1259 1993 13007 256 11590 2115 12751 5131 26102 1072
is_linear=0
shrinkage=0.05


Tree=15
num_leaves=31
num_cat=0
split_feature=11 77 58 16 45 116 30 79 5 28 112 77 80 36 22 50 26 139 51 38 32 79 2 157 154 12 25 10 69 38
split_gain=13.3043 3.71028 4.36206 3.39725 5.60625 2.95478 3.20346 2.56547 2.50969 2.45818 2.4196 2.3846 2.21914 2.08281 1.96221 1.86969 1.69428 1.67979 1.67448 1.37311 2.1247 3.49708 1.29772 1.29744 1.27033 1.67082 1.67429 1.25451 1.39487 1.22694
threshold=0.89923262596130382 0.35833333432674414 1.0396189093589785 1.2892321944236758 1.1754056811332705 0.70381712913513195 0.012380171567201616 0.25000000745058065 0.01960789225995541 -0.007382866693660616 0.17500000447034839 0.10833333432674409 0.12500000372529033 0.58780488371849071 1.1507901549339297 0.64712059497833263 0.17079202085733416 0.92440375685691845 0.73577988147735607 -0.0012624201481230555 0.0057621605228632697 0.15000000223517421 -0.41150230169296259 0.046305438503623016 -0.10626324266195296 1.0102760791778567 0.045088971033692367 1.0023474097251894 0.16614466905593875 -0.0056483570951968423
decision_type=2 2 2 10 2 10 10 2 2 8 2 2 2 10 2 2 10 10 2 8 10 2 2 10 10 2 10 2 2 8
left_child=17 2 3 12 11 6 7 8 19 27 23 13 18 -5 -4 29 -16 -1 -2 -3 -21 -22 -17 -8 25 -11 -27 -9 -29 -7
right_child=1 5 14 4 -6 15 10 9 -10 24 -12 -13 -14 -15 16 22 -18 -19 -20 20 21 -23 -24 -25 -26 26 -28 28 -30 -31
leaf_value=-0.0044671468812865203 0.0028456585786720856 9.5670880719121124e-05 0.0001929106611120316 0.0094003004920541477 0.00074005088068713218 -0.0040804094285204562 0.00014959470063833532 -0.0020031784504897904 -0.0011427819261049534 -0.00091056224236456024 -0.0040853071081283689 0.0016239306107467121 -1.084771986681509e-05 1.9364910275978319e-05 0.0056384275805005405 0.0043132840885981866 -0.0027277315388722669 -0.0014187626085673817 0.00067594645159873093 0.00088723444830001146 0.00051458612769211853 0.0078821872063434498 0.0013202493562088106 -0.0022209765527995578 -0.00037199347454984082 -0.005613176445409658 -0.0013529292711932095 -0.00016222363097339121 0.00082963880334623985 0.00048726127174466389
leaf_weight=1763 1075 5073 327 401 2158 232 1231 664 2098 7780 848 252 20683 82 730 455 57 682 5938 6029 378 302 2381 1029 11993 407 631 9249 5689 356
leaf_count=1763 1075 5073 327 401 2158 232 1231 664 2098 7780 848 252 20683 82 730 455 57 682 5938 6029 378 302 2381 1029 11993 407 631 9249 5689 356
internal_value=-2.1158e-08 9.99349e-05 0.000533621 0.000419783 0.00205223 -0.000141146 -0.000233244 -0.00013588 0.000440897 -0.000357116 -0.00179213 0.00583068 0.000247391 0.00791431 0.00361144 0.00128027 0.00496635 -0.00363821 0.00101602 0.000727216 0.00119722 0.00386686 0.00181942 -0.00090814 -0.000713146 -0.00117137 -0.00307529 0.000114591 0.000212201 -0.00123393
internal_weight=90973 88528 31703 30589 2893 56825 53401 50293 13880 36413 3108 735 27696 483 1114 3424 787 2445 7013 11782 6709 680 2836 2260 20811 8818 1038 15602 14938 588
internal_count=90973 88528 31703 30589 2893 56825 53401 50293 13880 36413 3108 735 27696 483 1114 3424 787 2445 7013 11782 6709 680 2836 2260 20811 8818 1038 15602 14938 588
is_linear=0
shrinkage=0.05


Tree=16
num_leaves=31
num_cat=0
split_feature=1 89 39 32 38 82 59 80 157 87 141 17 34 38 124 26 116 23 44 13 11 38 142 36 30 149 29 27 52 35
split_gain=12.3625 3.7809 3.20689 5.03234 2.84789 2.62924 2.76239 2.20961 2.1804 2.11881 2.10664 1.9482 1.97281 1.89126 1.859 1.43396 1.39741 1.36774 1.3484 1.34422 1.25375 1.19148 1.18426 1.17658 1.16176 1.1522 1.11107 1.56024 1.52795 1.44585
threshold=0.12535332143306735 0.58081579208374035 -0.012694455217570065 -0.0044200529810041181 0.010145446285605432 0.058333335444331176 1.0039984583854678 0.075000001117587103 -0.012290423735976217 0.90833333134651195 1.2251204848289492 0.72176364064216625 0.88829553127288829 -0.0058047361671924582 -0.23835032433271405 0.16274790465831759 0.65104064345359813 0.02745496574789286 1.0303968191146853 1.0812587141990664 0.94574642181396495 -0.0028328070184215899 0.87241098284721386 0.84172770380973827 0.016704021953046325 0.55402189493179332 -0.010307037271559237 0.14390991628170016 0.90790975093841564 0.29239428043365484
decision_type=2 8 10 10 10 2 2 2 10 2 8 8 10 10 10 10 10 8 2 10 2 10 10 10 10 10 10 10 2 10
left_child=1 2 3 5 14 6 -1 21 17 16 -2 13 -13 -3 25 -10 22 -7 -14 23 -18 -5 -9 -16 -24 -4 28 -28 -6 -29
right_child=10 11 4 7 26 8 -8 9 15 -11 -12 12 18 -15 19 -17 20 -19 -20 -21 -22 -23 24 -25 -26 -27 27 29 -30 -31
leaf_value=0.0096643727481465005 -0.0039311439554870408 -0.0026952814490199721 -9.7051826245530981e-05 0.00083821079173286182 -0.0009672339121925581 0.00095995765427753016 0.0017399260967273598 0.0034471650388872375 0.0013967933540180303 -0.0027529600517148625 -0.00058411228322201487 -0.00023645715196172896 0.00389904890320362 -0.00047249652128972556 0.00012157164246536276 -0.0034767102137231044 -0.0036131513419871532 0.0046312804569438697 0.00063146620193257007 -0.0035472397946067109 0.0028893759406996449 0.0027518431484272387 0.00021533959128324792 0.0016643439580242227 -0.0034375796273010783 -0.0011350110605781963 0.00087462085215585987 0.0061232549958667795 0.0011299524411688639 0.0017574285263283541
leaf_weight=279 2238 1529 5184 1956 1691 417 211 277 554 555 642 28848 443 2749 13402 206 74 848 1282 232 826 1534 9107 1374 221 5783 5652 285 1774 734
leaf_count=279 2238 1529 5184 1956 1691 417 211 277 554 555 642 28848 443 2749 13402 206 74 848 1282 232 826 1534 9107 1374 221 5783 5652 285 1774 734
internal_value=1.94843e-05 0.000125513 0.000391185 0.000956432 0.000122662 0.00302609 0.00636434 0.000595067 0.0021909 0.000243591 -0.00320285 -0.000278416 -0.000136724 -0.00127907 -0.000153092 7.2816e-06 0.000406911 0.00346226 0.00150136 0.000205969 0.00229581 0.0016942 0.000224493 0.000268518 0.000123075 -0.00064899 0.000834201 0.00121211 9.20675e-05 0.00303231
internal_weight=90907 88027 53176 17065 36111 2515 490 14550 2025 11060 2880 34851 30573 4278 25975 760 10505 1265 1725 15008 900 3490 9605 14776 9328 10967 10136 6671 3465 1019
internal_count=90907 88027 53176 17065 36111 2515 490 14550 2025 11060 2880 34851 30573 4278 25975 760 10505 1265 1725 15008 900 3490 9605 14776 9328 10967 10136 6671 3465 1019
is_linear=0
shrinkage=0.05


end of trees

feature_importances:
feature_IMIN30=27
feature_IMIN60=25
feature_ROC60=20
feature_STD20=17
feature_KLOW=15
feature_LOW0=15
feature_RESI5=15
feature_IMIN20=15
feature_KLEN=14
feature_ROC30=13
feature_WVMA60=13
feature_IMIN10=12
feature_KSFT2=11
feature_VWAP0=10
feature_BETA10=10
feature_BETA20=9
feature_BETA60=9
feature_CORR60=9
feature_STD60=8
feature_CORR10=8
feature_SUMP30=8
feature_QTLU5=7
feature_IMXD60=7
feature_KMID=6
feature_OPEN0=6
feature_BETA5=6
feature_MIN5=6
feature_MIN60=6
feature_WVMA30=6
feature_VSUMD60=6
feature_HIGH0=5
feature_RSQR30=5
feature_RESI10=5
feature_RESI20=5
feature_QTLU60=5
feature_IMAX60=5
feature_SUMD10=5
feature_STD5=4
feature_MAX10=4
feature_MIN30=4
feature_QTLD5=4
feature_QTLD10=4
feature_SUMD30=4
feature_WVMA10=4
feature_VSUMP60=4
feature_VSUMN60=4
feature_KMID2=3
feature_MA5=3
feature_MA60=3
feature_STD30=3
feature_RSQR60=3
feature_RESI60=3
feature_MAX60=3
feature_IMXD30=3
feature_CORR30=3
feature_CNTP60=3
feature_CNTD60=3
feature_SUMP10=3
feature_SUMP60=3
feature_SUMN30=3
feature_VSUMN10=3
feature_ROC5=2
feature_ROC20=2
feature_MAX30=2
feature_MIN20=2
feature_QTLU30=2
feature_RSV30=2
feature_IMAX5=2
feature_IMXD10=2
feature_CORD30=2
feature_CNTP20=2
feature_CNTN60=2
feature_CNTD30=2
feature_SUMN10=2
feature_VMA60=2
feature_KUP=1
feature_KLOW2=1
feature_KSFT=1
feature_STD10=1
feature_BETA30=1
feature_RSQR5=1
feature_RSQR10=1
feature_RSQR20=1
feature_MAX5=1
feature_MAX20=1
feature_QTLD60=1
feature_RANK60=1
feature_RSV10=1
feature_IMAX30=1
feature_IMXD20=1
feature_CORD10=1
feature_CNTN30=1
feature_CNTD10=1
feature_CNTD20=1
feature_SUMP5=1
feature_VSTD10=1
feature_VSTD60=1
feature_VSUMP10=1
feature_VSUMP20=1
feature_VSUMP30=1
feature_VSUMD5=1
feature_VSUMD10=1

parameters:
[boosting: gbdt]
[objective: regression]
[metric: l2]
[tree_learner: serial]
[device_type: cpu]
[data_sample_strategy: bagging]
[data: ]
[valid: ]
[num_iterations: 400]
[learning_rate: 0.05]
[num_leaves: 31]
[num_threads: 20]
[seed: 42]
[deterministic: 0]
[force_col_wise: 0]
[force_row_wise: 0]
[histogram_pool_size: -1]
[max_depth: -1]
[min_data_in_leaf: 20]
[min_sum_hessian_in_leaf: 0.001]
[bagging_fraction: 0.8]
[pos_bagging_fraction: 1]
[neg_bagging_fraction: 1]
[bagging_freq: 1]
[bagging_seed: 400]
[bagging_by_query: 0]
[feature_fraction: 0.8]
[feature_fraction_bynode: 1]
[feature_fraction_seed: 30056]
[extra_trees: 0]
[extra_seed: 12879]
[early_stopping_round: 0]
[early_stopping_min_delta: 0]
[first_metric_only: 0]
[max_delta_step: 0]
[lambda_l1: 1]
[lambda_l2: 1]
[linear_lambda: 0]
[min_gain_to_split: 0]
[drop_rate: 0.1]
[max_drop: 50]
[skip_drop: 0.5]
[xgboost_dart_mode: 0]
[uniform_drop: 0]
[drop_seed: 17869]
[top_rate: 0.2]
[other_rate: 0.1]
[min_data_per_group: 100]
[max_cat_threshold: 32]
[cat_l2: 10]
[cat_smooth: 10]
[max_cat_to_onehot: 4]
[top_k: 20]
[monotone_constraints: ]
[monotone_constraints_method: basic]
[monotone_penalty: 0]
[feature_contri: ]
[forcedsplits_filename: ]
[refit_decay_rate: 0.9]
[cegb_tradeoff: 1]
[cegb_penalty_split: 0]
[cegb_penalty_feature_lazy: ]
[cegb_penalty_feature_coupled: ]
[path_smooth: 0]
[interaction_constraints: ]
[verbosity: -1]
[saved_feature_importance_type: 0]
[use_quantized_grad: 0]
[num_grad_quant_bins: 4]
[quant_train_renew_leaf: 0]
[stochastic_rounding: 1]
[linear_tree: 0]
[max_bin: 255]
[max_bin_by_feature: ]
[min_data_in_bin: 3]
[bin_construct_sample_cnt: 200000]
[data_random_seed: 175]
[is_enable_sparse: 1]
[enable_bundle: 1]
[use_missing: 1]
[zero_as_missing: 0]
[feature_pre_filter: 1]
[pre_partition: 0]
[two_round: 0]
[header: 0]
[label_column: ]
[weight_column: ]
[group_column: ]
[ignore_column: ]
[categorical_feature: ]
[forcedbins_filename: ]
[precise_float_parser: 0]
[parser_config_file: ]
[objective_seed: 16083]
[num_class: 1]
[is_unbalance: 0]
[scale_pos_weight: 1]
[sigmoid: 1]
[boost_from_average: 1]
[reg_sqrt: 0]
[alpha: 0.9]
[fair_c: 1]
[poisson_max_delta_step: 0.7]
[tweedie_variance_power: 1.5]
[lambdarank_truncation_level: 30]
[lambdarank_norm: 1]
[label_gain: ]
[lambdarank_position_bias_regularization: 0]
[eval_at: ]
[multi_error_top_k: 1]
[auc_mu_weights: ]
[num_machines: 1]
[local_listen_port: 12400]
[time_out: 120]
[machine_list_filename: ]
[machines: ]
[gpu_platform_id: -1]
[gpu_device_id: -1]
[gpu_device_id_list: ]
[gpu_use_dp: 0]
[num_gpu: 1]

end of parameters

pandas_categorical:[]
