tree
version=v4
num_class=1
num_tree_per_iteration=1
label_index=0
max_feature_idx=158
objective=regression
feature_names=feature_KMID feature_KLEN feature_KMID2 feature_KUP feature_KUP2 feature_KLOW feature_KLOW2 feature_KSFT feature_KSFT2 feature_OPEN0 feature_HIGH0 feature_LOW0 feature_VWAP0 feature_ROC5 feature_ROC10 feature_ROC20 feature_ROC30 feature_ROC60 feature_MA5 feature_MA10 feature_MA20 feature_MA30 feature_MA60 feature_STD5 feature_STD10 feature_STD20 feature_STD30 feature_STD60 feature_BETA5 feature_BETA10 feature_BETA20 feature_BETA30 feature_BETA60 feature_RSQR5 feature_RSQR10 feature_RSQR20 feature_RSQR30 feature_RSQR60 feature_RESI5 feature_RESI10 feature_RESI20 feature_RESI30 feature_RESI60 feature_MAX5 feature_MAX10 feature_MAX20 feature_MAX30 feature_MAX60 feature_MIN5 feature_MIN10 feature_MIN20 feature_MIN30 feature_MIN60 feature_QTLU5 feature_QTLU10 feature_QTLU20 feature_QTLU30 feature_QTLU60 feature_QTLD5 feature_QTLD10 feature_QTLD20 feature_QTLD30 feature_QTLD60 feature_RANK5 feature_RANK10 feature_RANK20 feature_RANK30 feature_RANK60 feature_RSV5 feature_RSV10 feature_RSV20 feature_RSV30 feature_RSV60 feature_IMAX5 feature_IMAX10 feature_IMAX20 feature_IMAX30 feature_IMAX60 feature_IMIN5 feature_IMIN10 feature_IMIN20 feature_IMIN30 feature_IMIN60 feature_IMXD5 feature_IMXD10 feature_IMXD20 feature_IMXD30 feature_IMXD60 feature_CORR5 feature_CORR10 feature_CORR20 feature_CORR30 feature_CORR60 feature_CORD5 feature_CORD10 feature_CORD20 feature_CORD30 feature_CORD60 feature_CNTP5 feature_CNTP10 feature_CNTP20 feature_CNTP30 feature_CNTP60 feature_CNTN5 feature_CNTN10 feature_CNTN20 feature_CNTN30 feature_CNTN60 feature_CNTD5 feature_CNTD10 feature_CNTD20 feature_CNTD30 feature_CNTD60 feature_SUMP5 feature_SUMP10 feature_SUMP20 feature_SUMP30 feature_SUMP60 feature_SUMN5 feature_SUMN10 feature_SUMN20 feature_SUMN30 feature_SUMN60 feature_SUMD5 feature_SUMD10 feature_SUMD20 feature_SUMD30 feature_SUMD60 feature_VMA5 feature_VMA10 feature_VMA20 feature_VMA30 feature_VMA60 feature_VSTD5 feature_VSTD10 feature_VSTD20 feature_VSTD30 feature_VSTD60 feature_WVMA5 feature_WVMA10 feature_WVMA20 feature_WVMA30 feature_WVMA60 feature_VSUMP5 feature_VSUMP10 feature_VSUMP20 feature_VSUMP30 feature_VSUMP60 feature_VSUMN5 feature_VSUMN10 feature_VSUMN20 feature_VSUMN30 feature_VSUMN60 feature_VSUMD5 feature_VSUMD10 feature_VSUMD20 feature_VSUMD30 feature_VSUMD60 shareholder_change_count_20d
feature_infos=[-0.18378382921218872:0.23204429447650909] [0:0.2587992250919342] [-1:1] [0:0.17515505850315094] [0:1] [0:0.1814553290605545] [0:1] [-0.21837836503982544:0.2587992250919342] [-1:1] [0.81165915727615356:1.2251656055450439] [1:1.2768211364746094] [0.78991591930389404:1] [0.86167383193969727:1.1553093194961548] [0.50938946008682251:1.8084112405776978] [0.38546353578567505:2.5034608840942383] [0.20094425976276398:3.1202185153961182] [0.18492695689201355:5.7117090225219727] [0.13746649026870728:7.1328182220458984] [0.73912703990936279:1.3500000238418579] [0.58375918865203857:1.6204214096069336] [0.48958152532577515:2.2400727272033691] [0.40701004862785339:2.491147518157959] [0.28582838177680969:3.7705175876617432] [0:0.31421336531639099] [0.00023446726845577359:0.44042909145355225] [0.0005574155948124826:0.84243810176849365] [0.0005574155948124826:1.5140218734741211] [0.0005574155948124826:2.5884873867034912] [-0.18953272700309753:0.11699225753545761] [-0.14318288862705231:0.091486923396587372] [-0.13684648275375366:0.091486923396587372] [-0.153787761926651:0.091486923396587372] [-0.13677342236042023:0.091486923396587372] [0:1] [0:1] [0:1] [2.2261162995574702e-15:1] [8.3690260277435868e-10:1] [-0.11662719398736954:0.098536819219589233] [-0.23734408617019653:0.19709315896034241] [-0.45356476306915283:0.34632593393325806] [-0.59292685985565186:0.92638540267944336] [-1.1882275342941284:1.6086900234222412] [1:1.7841874361038208] [1:2.2531874179840088] [1:3.1650238037109375] [1:5.7535200119018555] [1:9.3708133697509766] [0.50947773456573486:1] [0.34822705388069153:1] [0.19764620065689087:1] [0.18116329610347748:1] [0.079663857817649841:1] [0.86649966239929199:1.6521495580673218] [0.72217452526092529:2.0949892997741699] [0.58081799745559692:3.0763568878173828] [0.47937741875648499:3.5877678394317627] [0.33353924751281738:7.2022075653076172] [0.58712047338485718:1.184606671333313] [0.39663863182067871:1.3228549957275391] [0.22801922261714935:1.6053929328918457] [0.19504037499427795:1.7554135322570801] [0.12582564353942871:2.6131875514984131] [0.20000000298023224:1] [0.10000000149011612:1] [0.05000000074505806:1] [0.033333335071802139:1] [0.01666666753590107:1] [0:1] [0:1] [0:1] [0:1] [0:1] [0.20000000298023224:1] [0.10000000149011612:1] [0.05000000074505806:1] [0.033333335071802139:1] [0.01666666753590107:1] [0.20000000298023224:1] [0.10000000149011612:1] [0.05000000074505806:1] [0.033333335071802139:1] [0.01666666753590107:1] [-0.80000001192092896:0.80000001192092896] [-0.89999997615814209:0.89999997615814209] [-0.94999998807907104:0.94999998807907104] [-0.96666663885116577:0.96666663885116577] [-0.98333334922790527:0.98333334922790527] [-1:1] [-1:1] [-1:1] [-1:1] [-1:1] [-1:1] [-1:1] [-1:1] [-1:1] [-1:1] [0:1] [0:1] [0:0.94999998807907104] [0:0.86666667461395264] [0:0.76666665077209473] [0:1] [0:1] [0:0.94999998807907104] [0:0.86666667461395264] [0:0.83333331346511841] [-1:1] [-1:1] [-0.94999998807907104:0.89999997615814209] [-0.76666665077209473:0.76666665077209473] [-0.75:0.55000001192092896] [0:1] [0:1] [0:1] [0:1] [0:1] [0:1] [0:1] [0:1] [0:1] [0:1] [-1:1] [-1:1] [-1:1] [-1:1] [-1:1] [0.20471267402172089:235.782958984375] [0.10461504012346268:383.34182739257812] [0.075067855417728424:425.7928466796875] [0.056173093616962433:430.86871337890625] [0.033522188663482666:438.94296264648438] [0.00029457567143253982:408.0859375] [0.0027553131803870201:414.00186157226562] [0.0027553131803870201:307.87985229492188] [0.0027553131803870201:262.36935424804688] [0.0027553131803870201:275.11691284179688] [0:2.2360680103302002] [0.018472533673048019:3.0074613094329834] [0.068585917353630066:3.8974208831787109] [0.068585917353630066:4.5948772430419922] [0.068585917353630066:5.3810009956359863] [0:1] [0:1] [0:1] [0:1] [0:1] [0:1] [0:1] [0:1] [0:1] [0:1] [-1:1] [-1:1] [-1:1] [-1:1] [-1:1] [0.38775510204081631:1]
tree_sizes=3028 3008 2982 3048 3056 3059 3026 3012 3023 3076 3082 3009 3023

Tree=0
num_leaves=31
num_cat=0
split_feature=1 57 39 25 81 81 8 100 73 40 89 141 32 29 0 38 80 92 92 117 64 46 121 28 158 5 117 85 27 32
split_gain=56.8039 9.64465 15.2967 10.1575 8.23049 16.0593 10.5484 7.11739 5.98625 5.80774 5.27508 4.91545 3.73527 3.5193 3.44455 3.28939 3.22873 3.19007 3.04002 3.19337 2.66071 2.57785 2.57446 2.48587 2.4038 2.81371 2.42715 2.39321 2.19556 2.1814
threshold=0.12535332143306735 1.2957590222358706 -0.0040240830276161424 0.10375531762838365 0.21666666865348819 0.25000000745058065 -0.74024075269699086 0.47499999403953558 0.90000000596046459 -0.13620861619710919 0.51963737607002269 1.0049812197685244 0.0027395965298637752 0.00047882234503049409 -0.066059924662113176 -0.0027010934427380557 0.27500000596046453 0.43262344598770147 0.077366344630718245 0.56959107518196117 0.34166666865348821 1.0806029438972475 0.60256519913673412 -0.0072176360990852109 0.49705636350588583 0.037703869864344604 0.61660617589950573 -0.32500000298023218 0.11138287186622621 0.00052472480456344794
decision_type=2 2 8 10 2 2 2 2 2 10 8 10 10 10 2 10 2 10 10 10 2 2 10 10 10 2 8 2 10 10
left_child=1 4 3 7 10 6 17 9 -2 -3 13 20 -7 -1 -5 -14 -4 29 19 -8 23 -12 -18 -9 25 28 -27 -16 -15 -6
right_child=8 2 16 14 5 12 18 11 -10 -11 21 -13 15 24 27 -17 22 -19 -20 -21 -22 -23 -24 -25 -26 26 -28 -29 -30 -31
leaf_value=0.0023921062165133244 -0.006510250398843921 0.012452387501000303 -0.0010226335247754833 0.0094732814040850329 -0.0015879772176727275 0.0018997150728229935 -0.00019806396450518151 0.011671324198093819 -0.0010778355859661663 0.0040858875816949299 0.0025240170291628435 0.0064132997623959588 -0.00034378852437033647 0.0038371687787898444 0.003221045043076803 0.0015581504153376531 0.00046255696675015804 -0.0032970100566417099 0.00036833372782087734 -0.0094643273975306141 0.016947598785737268 0.0012419548872895292 0.0031571441904167195 0.00048324735306728636 0.0016758018081075689 0.0038255739114664527 -0.0038573518894509115 -0.0017522731678246829 0.0059505130746203413 -0.012129991535309938
leaf_weight=9011 2136 247 888 125 74 33654 227 335 708 1488 6844 489 3877 4135 454 5662 1280 322 2095 179 302 9174 2805 49 1030 207 192 495 1876 333
leaf_count=9011 2136 247 888 125 74 33654 227 335 708 1488 6844 489 3877 4135 454 5662 1280 322 2095 179 302 9174 2805 49 1030 207 192 495 1876 333
internal_value=0.00177695 0.00200158 0.00355638 0.00586477 0.0018244 0.00139796 -0.00200284 0.0073983 -0.00517694 0.00531122 0.00243565 0.0104319 0.00165351 0.00306451 0.00175487 0.000779748 0.00171668 -0.00731377 -0.000431779 -0.00442393 0.0132129 0.00179287 0.00230046 0.0101141 0.00387199 0.00423265 0.000248624 0.000678576 0.00450563 -0.0103488
internal_weight=90693 87849 8957 3984 78892 46423 3230 2910 2844 1735 32469 1175 43193 16451 1074 9539 4973 729 2501 406 686 16018 4085 384 7440 6410 399 949 6011 407
internal_count=90693 87849 8957 3984 78892 46423 3230 2910 2844 1735 32469 1175 43193 16451 1074 9539 4973 729 2501 406 686 16018 4085 384 7440 6410 399 949 6011 407
is_linear=0
shrinkage=1


Tree=1
num_leaves=31
num_cat=0
split_feature=12 57 39 82 9 82 8 59 81 81 24 121 41 25 152 71 5 28 112 117 48 37 141 16 19 2 114 0 12 38
split_gain=41.9708 8.82707 12.9453 8.64046 9.43193 7.40297 9.5155 6.85158 6.0094 9.67058 5.17451 7.45712 4.61594 3.95389 3.79539 3.6414 3.43212 3.34178 3.13193 3.08128 3.03434 2.69184 2.49701 2.06716 3.1796 1.99257 1.97886 1.95253 1.79126 3.74311
threshold=0.95583620667457592 1.257884204387665 -0.004298826213926076 0.058333335444331176 1.0564128160476687 0.025000001303851608 -0.80000177025794972 1.0096209645271303 0.21666666865348819 0.31666667759418493 0.092792302370071425 0.30157765746116644 -0.061789903789758675 0.088821507990360274 0.47334541380405432 0.68382307887077343 0.049353396520018585 -0.040450284257531159 0.22500000149011615 0.50621095299720775 0.91016754508018505 0.81603989005088817 0.94116184115409862 1.4567780494689944 1.04423063993454 -0.34700004756450648 0.50000008940696727 -0.066059924662113176 1.0030677914619448 0.0029504470294341449
decision_type=2 2 8 2 2 2 2 2 2 2 10 8 8 10 10 2 2 8 2 10 2 10 10 10 2 2 10 2 2 10
left_child=12 5 3 7 13 6 8 19 26 -10 11 16 -1 23 -13 21 25 -6 -8 -3 -4 -16 -15 -5 -25 -7 -2 -9 -23 -30
right_child=1 2 20 4 17 10 18 27 9 -11 -12 14 -14 22 15 -17 -18 -19 -20 -21 -22 28 -24 24 -26 -27 -28 -29 29 -31
leaf_value=-0.0093638907181063293 -0.0030201600418383028 0.013843582808002769 -0.001754308250433715 0.0017305813222577135 0.0093783772245377203 0.0054584375020105616 -0.00035955487689514265 0.010383522216718467 -0.013395008588501973 -0.0030552520808794174 -0.0023647894468822222 -0.001022862861214326 -0.0037839603389073677 -0.0034727603316643107 -8.4622352412125731e-05 0.00098094822515791742 -0.0058377834173593893 0.0023251859721302947 -0.0035891161264098564 0.00023206691590270829 0.00066448689966949618 0.00047494110911923572 0.0011688324355979944 0.010502898909868056 0 0.0022119485290636137 0.0031548897222228112 0.0016658440396736659 0.0010553745777086624 0.0075920836486312263
leaf_weight=1210 345 389 1869 1788 556 621 8496 83 392 574 1977 6638 589 597 39682 12798 113 272 830 55 4214 1605 540 180 121 2561 202 377 713 331
leaf_count=1210 345 389 1869 1788 556 621 8496 83 392 574 1977 6638 589 597 39682 12798 113 272 830 55 4214 1605 540 180 121 2561 202 377 713 331
internal_value=-8.52968e-06 0.000143932 0.00146707 0.0033634 0.00235887 -4.30279e-05 -0.00125583 0.00780541 -0.00493761 -0.00731231 0.000152331 0.000229621 -0.00756789 0.00111766 0.000105122 0.000241864 0.00254753 0.0071273 -0.000652696 0.0122741 -7.06351e-05 1.72162e-05 -0.00122528 0.00241678 0.00630811 0.00286276 -0.000646958 0.00336639 0.00156108 0.00318097
internal_weight=90718 88919 11041 4958 4054 77878 10839 904 1513 966 67039 65062 1799 3226 61767 55129 3295 828 9326 444 6083 42331 1137 2089 301 3182 547 460 2649 1044
internal_count=90718 88919 11041 4958 4054 77878 10839 904 1513 966 67039 65062 1799 3226 61767 55129 3295 828 9326 444 6083 42331 1137 2089 301 3182 547 460 2649 1044
is_linear=0
shrinkage=0.05


Tree=2
num_leaves=31
num_cat=0
split_feature=1 0 53 79 16 76 5 87 1 116 125 36 8 82 112 18 50 142 38 32 79 17 158 117 94 2 121 53 52 118
split_gain=48.0698 7.79923 8.04931 7.69841 20.2095 7.03716 6.11437 5.4307 4.92861 4.21434 3.47012 3.22412 3.53025 8.11758 3.91116 2.77492 2.71506 2.61246 2.6079 3.4082 4.34768 2.84072 2.59398 2.40504 2.02342 1.92315 1.82991 1.8259 1.7786 1.75548
threshold=0.12111108377575876 -0.071069378405809389 1.1601572632789614 0.45000000298023229 1.3891803026199343 0.11666667088866235 0.032942539080977447 -0.40833333134651179 0.14629016071558001 0.70381712913513195 -0.22991377115249631 0.62338882684707653 -0.75574278831481922 0.025000001303851608 0.058333335444331176 1.0550398826599123 0.80116873979568493 1.3074900507926943 -0.0048547792248427859 0.0058524790219962606 0.15000000223517421 0.72176364064216625 0.49572252975867442 0.5332573950290681 0.65607172250747692 -0.50000247359275807 0.30622552335262304 1.06321656703949 0.66335058212280285 0.26434956490993505
decision_type=2 2 2 2 10 2 2 2 2 10 10 10 2 2 2 2 2 10 10 10 2 8 10 8 10 2 10 2 2 10
left_child=1 2 -1 4 6 10 9 15 -2 18 -6 12 13 14 -9 -5 -14 -10 21 -20 -21 -3 24 -8 29 -11 -13 -16 -12 -22
right_child=8 3 -4 7 5 -7 23 11 17 25 28 26 16 -15 27 -17 -18 -19 19 20 22 -23 -24 -25 -26 -27 -28 -29 -30 -31
leaf_value=0.00073937414328857155 -0.0037231536643938233 -0.0023764653021612851 0.0090044097806243461 0.00049532467108450047 0.0033742619814608799 0 0.0014302328576990984 -0.0025345707234814573 -0.0086787743106053177 0.0060715895643707806 0 0.0026627028521278048 -0.0027937880194019203 -0.0010017043854599241 -0.011042089727762858 0.0034655796234966314 -0.00042282025439384043 -0.0036298178911399904 0.00064249969587265186 0.00022944053781478961 0 0.00016673015154510559 -0.00075486370217509751 -0.0031538178838824531 6.7775744971361733e-05 0.002015918005024354 8.2008198119396842e-05 -0.0022851979041135766 0.013450921307154407 0.008766306246464602
leaf_weight=739 1475 1256 506 10306 140 184 337 390 1457 351 21 753 1280 3530 386 860 24415 359 19173 758 68 8531 126 1488 113 2468 8328 89 486 541
leaf_count=739 1475 1256 506 10306 140 184 337 390 1457 351 21 753 1280 3530 386 860 24415 359 19173 758 68 8531 126 1488 113 2468 8328 89 486 541
internal_value=-8.31919e-06 0.000213976 0.00414316 0.000156717 0.000714904 0.00842118 0.000531372 -0.000241955 -0.00594039 0.000686598 0.0108721 -0.000519981 -0.000769646 -0.00208303 -0.00643184 0.00072886 -0.00054298 -0.00771073 0.000513896 0.000831229 0.00305143 -0.000154748 0.00551178 -0.00227964 0.00667409 0.0025406 0.000301775 -0.00951461 0.0128334 0.00781581
internal_weight=90914 87623 1245 86378 36041 831 35210 50337 3291 33385 647 39171 30090 4395 865 11166 25695 1816 30566 20779 1606 9787 848 1825 722 2819 9081 475 507 609
internal_count=90914 87623 1245 86378 36041 831 35210 50337 3291 33385 647 39171 30090 4395 865 11166 25695 1816 30566 20779 1606 9787 848 1825 722 2819 9081 475 507 609
is_linear=0
shrinkage=0.05


Tree=3
num_leaves=31
num_cat=0
split_feature=1 0 53 89 84 16 82 8 5 36 37 92 139 25 16 25 16 82 116 102 48 102 5 107 82 82 5 37 17 8
split_gain=46.6648 7.58134 8.34089 6.89062 5.9004 16.7659 5.44077 7.22265 3.6015 3.42379 3.31829 3.28265 3.24848 3.10229 2.99281 2.60436 2.91222 3.50942 2.58009 2.18657 2.17248 2.02216 1.99567 1.84532 1.80697 1.70643 1.62321 1.57004 1.49488 1.63557
threshold=0.13043481856584552 -0.071069378405809389 1.1601572632789614 0.45607632398605352 1.0000000180025095e-35 1.432964622974396 0.025000001303851608 -0.72414091229438771 0.046875042840838439 0.8346342444419862 0.75192624330520641 0.45977304875850683 0.84619471430778515 0.095919534564018263 1.2459780573844912 0.082126095890998854 1.3697667121887209 0.058333335444331176 0.70381712913513195 0.55833333730697643 0.91016754508018505 0.4916666597127915 0.044628545641899116 0.42499999701976782 0.5416666865348817 0.058333335444331176 0.010142436251044275 0.88958200812339794 0.81317594647407543 -0.62500280141830433
decision_type=2 2 2 8 2 10 2 2 2 10 10 10 8 10 8 8 10 2 10 2 2 2 2 2 2 2 2 10 8 2
left_child=1 2 -1 4 10 8 7 11 9 14 20 21 -2 -7 -6 16 18 -18 24 -9 -3 -5 -14 -17 27 -16 28 -8 29 -22
right_child=12 3 -4 6 5 13 15 19 -10 -11 -12 -13 22 -15 25 23 17 -19 -20 -21 26 -23 -24 -25 -26 -27 -28 -29 -30 -31
leaf_value=0.00048985457459720322 -0.0081553497266054816 -0.0017695061108004854 0.0086706652569016919 -0.003181988501587925 0.00065890952240068299 0.013320899391244284 -0.00038436343011778111 -0.00023067405466972621 -0.0043266719121232665 0.0029711093883864697 0.001367017065436169 -0.0025352443079955048 -0.001781384403718075 0 0.0063028043808207694 -0.0023138664071981614 0.010323575460633276 0.001061595074628018 0.0024452052839120351 -0.0027123894331452904 -0.0051831816940479686 -0.010193521043691658 -0.0067143371577748469 -0.00044059822024610472 0.00049864265874251777 0.001449822657102526 0.00065674235933708795 0.0023682370401422524 -0.00014921470149294571 -0.00051537886265991392
leaf_weight=755 1592 1828 547 175 11457 340 20671 3659 295 2341 4524 580 461 57 381 1915 148 376 1070 1195 317 381 430 4496 10097 410 6824 526 12293 527
leaf_count=755 1592 1828 547 175 11457 340 20671 3659 295 2341 4524 580 461 57 381 1915 148 376 1070 1195 317 381 430 4496 10097 410 6824 526 12293 527
internal_value=-7.51669e-06 0.000182306 0.00396919 0.000124936 0.000589972 0.00137175 -0.000301058 -0.00170509 0.00109714 0.00121053 0.000134027 -0.00530073 -0.00676665 0.0115129 0.000869731 -8.57429e-05 9.25854e-05 0.00378749 3.11018e-05 -0.000852376 -0.000119733 -0.0080861 -0.00422296 -0.00100822 -4.99187e-05 0.00385549 2.89274e-05 -0.000313591 -0.00029341 -0.0023318
internal_weight=90668 88185 1302 86883 41594 15281 45289 5990 14884 14589 26313 1136 2483 397 12248 39299 32888 524 32364 4854 21789 556 891 6411 31294 791 19961 21197 13137 844
internal_count=90668 88185 1302 86883 41594 15281 45289 5990 14884 14589 26313 1136 2483 397 12248 39299 32888 524 32364 4854 21789 556 891 6411 31294 791 19961 21197 13137 844
is_linear=0
shrinkage=0.05


Tree=4
num_leaves=31
num_cat=0
split_feature=1 0 79 16 25 28 81 87 11 23 158 80 81 81 17 87 89 26 28 81 25 34 107 12 12 10 139 116 5 69
split_gain=37.6965 7.16014 6.65526 14.3011 7.28194 5.93672 5.06986 4.70354 4.62993 4.31802 3.99006 3.71216 3.51599 8.35796 6.08135 3.43868 3.29913 3.02769 2.99019 2.65521 2.57301 2.37952 2.37933 2.14039 2.13725 2.09035 1.93422 1.89345 1.66875 1.57997
threshold=0.12111108377575876 -0.071069378405809389 0.45000000298023229 1.3891803026199343 0.089705541729927077 -0.042208231985568993 0.21666666865348819 -0.30833333730697626 0.8845697045326234 0.046497343108057983 0.49705636350588583 0.52500000596046459 0.21666666865348819 0.25000000745058065 0.83982810378074657 0.85833334922790538 0.52778735756874096 0.069973025470972075 -0.025126969441771504 0.25000000745058065 0.094869870692491545 0.83722913265228283 0.42499999701976782 1.0161728262901308 0.9986228644847871 1.0481810569763186 1.0569998621940615 0.70381712913513195 0.037703869864344604 0.26674717664718633
decision_type=2 2 2 10 8 8 2 2 2 8 10 2 2 2 10 2 10 10 10 2 8 10 2 2 2 2 10 10 2 2
left_child=1 5 3 6 11 -1 9 18 26 10 16 -5 27 14 24 29 17 -3 25 -17 -10 -18 23 -15 -14 -4 -2 -9 -19 -8
right_child=8 2 7 4 -6 -7 15 12 20 -11 -12 -13 13 22 -16 19 21 28 -20 -21 -22 -23 -24 -25 -26 -27 -28 -29 -30 -31
leaf_value=0.0081257844108558724 -0.0077175528620034382 0.0016524938463694607 0.0014906774473872227 0.011609658047315091 -0.00022580099757760764 0.001002270186752817 -0.0010621822359296595 -5.667642969009527e-05 -0.0007952694400124035 -0.00097219191674352459 -0.00062181945628205935 0 -0.002999112434479939 -0.0013046216713041865 -0.0015057245555553699 -0.0071019761625510189 0.00052914680179549998 0.004213165809530686 0.00028734771948269204 -0.0013084760542888844 -0.0051205777353001414 0.0039927235356380835 -0.00038837666569742932 -0.0048609477123855802 -0.0097569226504891152 0.0056776653418188338 -0.0022148463107822909 0.0029331729553957911 -0.0008054260504923149 0.0003733620401194591
leaf_weight=510 1532 3518 1289 519 231 729 2167 15282 666 1960 1825 89 185 3194 796 233 4566 2595 11868 1593 787 565 15682 506 503 412 209 547 159 15844
leaf_count=510 1532 3518 1289 519 231 729 2167 15282 666 1960 1825 89 185 3194 796 233 4566 2595 11868 1593 787 565 15682 506 503 412 209 547 159 15844
internal_value=9.38135e-06 0.000205008 0.000150092 0.000670758 0.0071226 0.00397898 0.000514582 -0.000220422 -0.00532444 0.00120207 0.00152806 0.00999239 -0.000515257 -0.000941633 -0.00456255 -9.29846e-06 0.00187655 0.00265003 0.000573204 -0.00207858 -0.00317432 0.000920985 -0.000661594 -0.00180567 -0.00801934 0.00253693 -0.00708733 4.36635e-05 0.00390509 0.000197819
internal_weight=90561 87367 86128 35864 839 1239 35025 50264 3194 15188 13228 608 36695 20866 1484 19837 11403 6272 13569 1826 1453 5131 19382 3700 688 1701 1741 15829 2754 18011
internal_count=90561 87367 86128 35864 839 1239 35025 50264 3194 15188 13228 608 36695 20866 1484 19837 11403 6272 13569 1826 1453 5131 19382 3700 688 1701 1741 15829 2754 18011
is_linear=0
shrinkage=0.05


Tree=5
num_leaves=31
num_cat=0
split_feature=1 47 48 81 81 82 100 82 0 41 71 5 7 44 17 38 111 80 152 82 28 10 105 43 90 38 10 158 14 158
split_gain=35.9023 6.01783 9.16183 6.1231 12.3395 16.417 5.8287 5.38618 4.32683 3.99802 3.98971 3.94225 3.6349 3.33509 3.12051 3.21378 3.07956 2.67352 2.57118 2.49395 2.35643 2.33103 1.9469 2.17881 1.9111 1.85901 1.76654 1.71779 1.69121 1.99378
threshold=0.12535332143306735 1.4727565050125124 0.92980691790580761 0.21666666865348819 0.25000000745058065 0.025000001303851608 0.47499999403953558 0.058333335444331176 -0.062028249725699418 0.044606028124690063 0.6754380762577058 0.037703869864344604 -0.0021322823595255609 1.0941034555435183 0.78965985774993908 0.0092307585291564482 0.21666666865348819 0.22500000149011615 0.50675237178802501 0.075000002980232253 -0.038855765014886849 1.0187500119209292 0.47499999403953558 1.1446232795715334 0.50888320803642284 -0.02832723222672939 1.0317603945732119 0.49551972970606645 0.98540019989013683 0.49705636350588583
decision_type=2 2 2 2 2 2 2 2 2 10 2 2 2 2 10 10 2 2 10 2 8 2 2 2 8 10 2 10 10 8
left_child=1 3 13 10 5 21 8 9 -4 -8 24 20 16 19 15 26 -12 -15 -9 -3 -2 -5 23 -10 -1 -18 -6 -27 -16 -30
right_child=11 2 6 4 14 -7 7 18 22 -11 12 -13 -14 17 28 -17 25 -19 -20 -21 -22 -23 -24 -25 -26 27 -28 -29 29 -31
leaf_value=0.0006714744727025553 -0.0067338898105166831 0.0076648625362694504 0.0058061777342870644 -0.0048075539105611916 -0.00096201112582746219 -0.0012944655048929702 0.0035950095107641503 0.00030833156259501768 0.0030443309939333371 0.01171614194037484 0.0013433856153824938 -0.0069460003590994168 0.00057797773978737028 -0.0045183225270764441 0.00054036784985296994 0.00052604765107313906 -0.0011482866301373927 -0.00080546628788629143 0.0041736161741159133 0.0003323447054836751 -0.0013275265707155598 -0.0115505929420863 0.0011271103375121753 -0.0041161617849461941 -0.00036881812160634308 0.0051558590970438509 -0.0030097954622722209 0.00028530638996868374 0.0013946204986079163 -0.00032444331618094498
leaf_weight=7616 298 154 474 208 2477 2350 304 717 139 357 3257 1815 8782 687 12180 1971 146 1808 1198 527 726 552 4449 377 10465 1373 1973 234 1823 21332
leaf_count=7616 298 154 474 208 2477 2350 304 717 139 357 3257 1815 8782 687 12180 1971 146 1808 1198 527 726 552 4449 377 10465 1373 1973 234 1823 21332
internal_value=7.01787e-06 0.000186277 0.00126949 2.76437e-05 -0.000348112 -0.00338655 0.00217194 0.00413908 0.00123049 0.00806776 0.000558138 -0.00552552 0.00119883 -0.000992182 -0.000120535 -0.00113482 0.00227682 -0.00184924 0.00275342 0.00207263 -0.00295468 -0.00977958 0.000782509 -0.0020884 6.66171e-05 0.00398084 -0.00188164 0.00447836 6.23913e-05 -0.000186887
internal_weight=90769 87930 11191 76739 44866 3110 8015 2576 5439 661 31873 2839 13792 3176 41756 6421 5010 2495 1915 681 1024 760 4965 516 18081 1753 4450 1607 35335 23155
internal_count=90769 87930 11191 76739 44866 3110 8015 2576 5439 661 31873 2839 13792 3176 41756 6421 5010 2495 1915 681 1024 760 4965 516 18081 1753 4450 1607 35335 23155
is_linear=0
shrinkage=0.05


Tree=6
num_leaves=31
num_cat=0
split_feature=12 32 39 82 0 19 82 12 53 132 147 125 5 142 25 114 79 78 82 158 14 17 25 116 112 17 38 32 38 28
split_gain=26.8194 6.65962 7.92624 6.10464 6.51235 5.54796 4.64577 5.40079 5.30678 4.27836 3.6756 3.81254 3.75839 3.60634 2.73637 2.70434 2.69599 2.93583 2.86179 2.67725 2.66386 2.63577 2.49192 2.23913 2.1674 2.12432 1.89784 1.84119 2.52969 1.79619
threshold=0.95583620667457592 -0.0052938591688871375 -0.0037601781077682968 0.058333335444331176 -0.062028249725699418 1.0426821112632754 0.025000001303851608 1.0104984641075136 1.0552337169647219 1.3666864037513735 0.52183523774147045 0.28610455989837652 0.040992744266986854 1.1372371315956118 0.086211711168289198 0.49572861194610601 0.25000000745058065 0.90000000596046459 0.058333335444331176 0.49551972970606645 0.84566068649292003 0.92617973685264599 0.084571886807680144 0.70381712913513195 0.025000001303851608 0.65963563323020946 0.010352666955441238 0.0043725036084651956 -0.00048581279406789685 -0.0068965498358011237
decision_type=2 8 10 2 2 2 2 2 2 2 10 10 2 10 10 8 2 2 2 10 8 8 10 8 2 8 8 10 10 8
left_child=15 2 3 5 -5 13 7 25 9 -9 11 16 -13 -2 24 -1 17 18 -8 21 -14 -11 23 -12 -6 -3 -4 -20 -29 -18
right_child=1 6 26 4 14 -7 10 8 -10 19 22 12 20 -15 -16 -17 29 -19 27 -21 -22 -23 -24 -25 -26 -27 -28 28 -30 -31
leaf_value=-0.0072503280762291136 0.012891019897429962 -0.0023217351423548819 -0.00057214359828875068 0.0071942635880631496 0.0012123165594566988 0.001598828429950158 0.0038562463678150621 -0.002241295473810466 0.00013516390188772864 -0.010950562325096894 -0.00053519675569856648 0.0015651036132808206 -0.0079512454745300845 0.0023104618590246706 -0.0013731289260283789 -0.0026774852649275789 0.00029492501655664692 -0.00051575838904666441 0.00062469281802574397 0.00029797775824141654 0 -0.0031221961594991299 -0.0019067097369762495 0.0020660199409133369 0.0054338205123495584 -9.2104114451824968e-05 0.0013568164998112554 0 0.0051878428251951915 -0.00040402229161484591
leaf_weight=1316 361 1266 3557 521 1607 313 946 734 741 455 7581 7494 173 120 794 483 16327 3206 6830 78 277 168 3126 923 392 7180 1979 388 550 20927
leaf_count=1316 361 1266 3557 521 1607 313 946 734 741 455 7581 7494 173 120 794 483 16327 3206 6830 78 277 168 3126 923 392 7180 1979 388 550 20927
internal_value=-9.6158e-06 0.000112019 0.00135279 0.00301699 0.00205088 0.0069788 -3.81284e-05 -0.00101174 -0.00323593 -0.00501039 0.000111585 0.000277185 0.00129405 0.0103654 0.00107132 -0.00605255 0.000111872 0.000766809 0.00124443 -0.00783129 -0.00310248 -0.00892806 -0.000697373 -0.000246779 0.00206745 -0.000432466 0.000108508 0.000919462 0.00300961 -9.63587e-05
internal_weight=90813 89014 9644 4108 3314 794 79370 10622 2176 1435 68748 57118 7944 481 2793 1799 49174 11920 8714 701 450 623 11630 8504 1999 8446 5536 7768 938 37254
internal_count=90813 89014 9644 4108 3314 794 79370 10622 2176 1435 68748 57118 7944 481 2793 1799 49174 11920 8714 701 450 623 11630 8504 1999 8446 5536 7768 938 37254
is_linear=0
shrinkage=0.05


Tree=7
num_leaves=31
num_cat=0
split_feature=1 89 32 28 81 30 17 81 81 8 82 147 130 92 25 15 87 18 124 12 45 5 19 44 82 55 128 79 16 132
split_gain=30.3419 5.94816 4.80613 4.95737 4.84105 3.2483 3.18609 4.07416 3.17003 4.31033 3.00261 2.49298 2.45637 2.39751 2.35982 2.82024 2.24538 2.21661 2.14439 1.76378 1.7208 1.73635 1.64919 1.53324 1.51091 1.50218 1.66893 1.47797 1.55066 1.33886
threshold=0.13785236328840259 0.45141318440437322 -0.0054802712984383098 0.0003889160580001772 0.18333333730697635 -0.002348445355892181 0.78395977616310131 0.18333333730697635 0.31666667759418493 -0.6666644513607024 0.075000002980232253 0.49677772819995886 0.82325774431228649 0.56086713075637828 0.14468673616647723 0.88523727655410778 0.85833334922790538 1.1198952198028567 0.43493232131004339 1.0030677914619448 1.1120411753654482 0.01937241014093161 1.0585190653800967 1.0941034555435183 0.17500000447034839 1.2770664095878603 1.0829733014106753 0.25000000745058065 1.3363880515098574 0.64497858285903942
decision_type=2 8 10 10 2 10 10 2 2 2 2 10 2 10 10 10 2 2 8 2 2 2 2 2 2 2 2 2 8 2
left_child=1 2 3 5 14 -1 7 20 9 13 22 -12 -2 -9 15 19 27 18 -8 -4 21 -3 -7 24 -5 -22 -27 28 -6 -20
right_child=12 6 4 23 16 10 17 8 -10 -11 11 -13 -14 -15 -16 -17 -18 -19 29 -21 25 -23 -24 -25 -26 26 -28 -29 -30 -31
leaf_value=0.0018514405056696528 -0.0040881699858623726 0.0014635446069246588 0.0015019354107196174 0.0061416213603269383 0.00061972318390261685 0.011573815136621505 -0.00019124778201141924 -0.011190305671099431 -0.0010497515491188617 -0.0023306087609290169 0.0053023249806131087 0 -0.0076520368184717471 -0.0026512990775036335 -0.0038298196146538351 0.00072430291196130044 -0.0022082342002779994 0.0043342914421722126 2.8507456060798382e-05 0.0036971809809567889 -0.0012069174746136661 -0.0010520206380615368 0.00052211839401234805 -0.0015052469284021739 0.00030570333733315343 0.013186577708754494 0 -0.00016341297188906542 0.0059083163862293266 0.0018129545691597687
leaf_weight=2203 1067 2287 2593 142 5589 229 30194 259 3460 1491 741 310 1061 147 227 8524 1138 291 2021 1534 2770 956 51 978 594 37 65 17259 144 2329
leaf_count=2203 1067 2287 2593 142 5589 229 30194 259 3460 1491 741 310 1061 147 227 8524 1138 291 2021 1534 2770 956 51 978 594 37 65 17259 144 2329
internal_value=6.65011e-06 0.000148997 0.000578297 0.00199641 0.000375799 0.00306722 -0.000241672 -0.000964356 -0.00197132 -0.00362442 0.00503908 0.00372901 -0.00589132 -0.00823556 0.00115868 0.00125244 -3.99788e-05 -2.21861e-06 -4.03213e-05 0.00233072 -7.38594e-05 0.000706475 0.00974779 -0.000182794 0.0015063 -0.000972339 0.0048625 6.52568e-05 0.000762288 0.000995593
internal_weight=90691 88563 42256 5248 37008 3534 46307 11472 5357 1897 1331 1051 2128 406 12878 12651 24130 34835 34544 4127 6115 3243 280 1714 736 2872 102 22992 5733 4350
internal_count=90691 88563 42256 5248 37008 3534 46307 11472 5357 1897 1331 1051 2128 406 12878 12651 24130 34835 34544 4127 6115 3243 280 1714 736 2872 102 22992 5733 4350
is_linear=0
shrinkage=0.05


Tree=8
num_leaves=31
num_cat=0
split_feature=1 0 53 79 16 25 5 81 87 158 50 27 81 82 74 81 81 82 38 53 32 107 82 82 9 1 109 79 5 127
split_gain=28.1089 5.52875 5.38164 4.82027 12.1864 6.33782 4.56369 5.37387 4.24475 3.69689 3.5385 3.3981 3.31895 4.91373 3.12912 2.82489 5.49558 7.19953 2.54016 2.25115 2.18484 2.14239 2.06702 2.74901 1.74752 1.67465 1.54762 1.45486 1.42954 2.14301
threshold=0.12535332143306735 -0.071069378405809389 1.1601572632789614 0.45000000298023229 1.3521531224250796 0.095919534564018263 0.026472804136574272 0.21666666865348819 -0.40833333134651179 0.49705636350588583 0.92100217938423168 0.10644086077809335 0.25000000745058065 0.025000001303851608 0.94999998807907116 0.21666666865348819 0.25000000745058065 0.025000001303851608 -0.01350314589217305 1.0783929824829104 0.00052472480456344794 0.42499999701976782 0.15833333879709247 0.10833333432674409 1.0346482992172243 0.076524768024683013 0.25000000745058065 0.15000000223517421 0.044628545641899116 0.18694100528955462
decision_type=2 2 2 2 10 8 2 2 2 10 2 10 2 2 2 2 2 2 10 2 8 2 2 2 2 2 2 2 2 10
left_child=1 2 -1 4 6 10 7 9 19 11 -6 26 13 -9 24 28 17 -17 -13 -5 -8 -18 23 -20 -2 -22 -3 -25 -10 -30
right_child=14 3 -4 8 5 -7 20 12 15 -11 -12 18 -14 -15 -16 16 21 -19 22 -21 25 -23 -24 27 -26 -27 -28 -29 29 -31
leaf_value=0.00063619861320371712 -0.0060613738778228649 0.00067030623626172662 0.0073269795040356595 0.00042164448663173512 0.010503218188057356 -0.00072642110137488038 0.0012540395729352515 -0.0082236188737688665 -3.9705055117481942e-05 -0.00069407663862020193 0.0018217687659746254 0 0.00022690431104440954 -0.00071428077899469706 -0.0015125800694449475 -0.008748231883116844 -0.0016325864968893241 -0.0013449972616844256 0.0034422527396707754 0.0027222957747911249 -0.00058167873023141686 -0.00033069082671784763 0.0021801521110833499 0.0033650454169212567 0 -0.0032666904127898033 0.0022082839594297992 0.010319938417181701 0.0034876141368050499 -0.002164466528177901
leaf_weight=741 2129 5900 527 9985 544 237 592 283 15526 1872 169 576 17168 1019 589 482 3924 1095 1049 1205 1106 17151 1460 134 116 1358 2354 305 655 213
leaf_count=741 2129 5900 527 9985 544 237 592 283 15526 1872 169 576 17168 1019 589 482 3924 1095 1049 1205 1106 17151 1460 134 116 1358 2354 305 655 213
internal_value=2.30018e-05 0.000182076 0.00345997 0.00013333 0.000574153 0.00616306 0.000421621 0.000598396 -0.000182686 0.00135077 0.00852094 0.00168006 3.96105e-05 -0.00238993 -0.00487643 -0.000429514 -0.000791481 -0.00364354 0.00298821 0.00067408 -0.0014196 -0.000575532 0.00358147 0.00492045 -0.00573564 -0.0020825 0.0011152 0.00832314 6.75925e-05 0.00204221
internal_weight=90464 87630 1268 86362 36126 950 35176 32120 50236 13650 713 11778 18470 1302 2834 39046 22652 1577 3524 11190 3056 21075 2948 1488 2245 2464 8254 439 16394 868
internal_count=90464 87630 1268 86362 36126 950 35176 32120 50236 13650 713 11778 18470 1302 2834 39046 22652 1577 3524 11190 3056 21075 2948 1488 2245 2464 8254 439 16394 868
is_linear=0
shrinkage=0.05


Tree=9
num_leaves=31
num_cat=0
split_feature=1 89 39 57 35 119 142 80 17 38 101 87 92 10 5 116 1 142 77 53 114 132 142 38 132 40 59 149 82 26
split_gain=25.5376 5.62007 3.96964 8.10746 3.8453 2.88722 2.77088 2.67391 2.66646 3.47472 2.52521 2.28332 2.18582 2.54165 1.95346 1.73442 2.33577 2.08941 1.67678 1.65539 1.73266 1.63618 1.61683 1.5248 1.45118 1.38521 1.36713 1.53981 1.33828 1.32777
threshold=0.13043481856584552 0.49460037052631384 -0.0060955912340432397 1.329002380371094 0.31106708943843847 0.59615370631217968 1.3110332489013674 0.075000001117587103 0.80544081330299389 0.0052264879923313865 0.35000000894069677 0.85833334922790538 0.45977304875850683 1.0247948765754702 0.032942539080977447 0.62206920981407177 0.080053396522998824 0.84930172562599193 0.69166666269302379 1.2239714264869692 0.71746617555618297 0.59330323338508617 1.0263597965240481 -0.021205021068453785 1.3424704670906069 -0.056249925866723054 1.1104182004928591 0.54170888662338268 0.058333335444331176 0.17536830157041552
decision_type=2 8 8 2 10 10 10 2 10 10 2 2 10 2 2 10 2 10 2 2 8 2 10 10 2 10 2 8 2 10
left_child=1 2 3 7 10 25 18 23 9 12 -5 15 13 -3 24 17 -17 28 -2 20 -10 -22 -12 -1 -13 -4 27 -15 -9 -6
right_child=6 8 5 4 29 -7 -8 11 19 -11 22 14 -14 26 -16 16 -18 -19 -20 -21 21 -23 -24 -25 -26 -27 -28 -29 -30 -31
leaf_value=-0.00084565489814197024 -0.0038941883077403153 -0.00083366863686678378 -0.0028331261347196114 -0.00052485261356294461 0.0030105736271185315 -0.00043442677027624829 -0.0018839266225577221 0.0092003578501909811 -0.00020189193240352732 5.8010076311235477e-05 0.0094397248065958925 0.0004866135253303008 -0.0010080240914187625 -0.0032409327627834989 -0.0057890669410602842 0.0030818268921574271 -0.0030526406404682116 0.0002437201770176526 -0.0071783032574223929 0.0051532463813535392 -0.00028581871105130558 0.0018062914416381117 0.0048650893928708795 0.0021786606669629794 -0.0041204275250460746 0.00069489186930405365 0.0053508055092196076 -0.0070628707454743886 0.0010341658715391532 -0.00079474698971463125
leaf_weight=445 722 908 278 110 701 12453 589 107 26725 5120 432 660 4514 856 241 1172 170 10751 1170 152 1540 2240 486 3614 224 13303 30 452 124 313
leaf_count=445 722 908 278 110 701 12453 589 107 26725 5120 432 660 4514 856 241 1172 170 10751 1170 152 1540 2240 486 3614 224 13303 30 452 124 313
internal_value=-6.85069e-06 0.000133475 0.000519579 0.00105831 0.00404421 0.00011308 -0.00500919 0.000706989 -0.000279113 -0.000915163 0.00621812 0.000362823 -0.00165954 -0.00294566 -0.00178188 0.000562789 0.00226581 0.00034994 -0.0059542 -3.09826e-05 -5.86216e-05 0.000940876 0.0070802 0.00183465 -0.000627621 0.00061879 -0.00433987 -0.00460425 0.00505564 0.00178707
internal_weight=90602 88121 45584 19550 2042 26034 2481 17508 42537 11880 1028 13449 6760 2246 1125 12324 1342 10982 1892 30657 30505 3780 918 4059 884 13581 1338 1308 231 1014
internal_count=90602 88121 45584 19550 2042 26034 2481 17508 42537 11880 1028 13449 6760 2246 1125 12324 1342 10982 1892 30657 30505 3780 918 4059 884 13581 1338 1308 231 1014
is_linear=0
shrinkage=0.05


Tree=10
num_leaves=31
num_cat=0
split_feature=11 89 32 28 81 81 82 30 82 17 38 79 82 119 52 0 15 12 82 18 139 145 17 81 81 81 92 158 158 25
split_gain=20.5407 5.08303 4.29634 5.26176 4.61012 3.47265 6.94725 3.16754 3.09597 2.88509 2.39447 2.31746 2.74867 2.20381 2.14913 2.13932 2.09106 2.04707 2.13168 1.80625 1.79562 1.71086 1.68343 1.9082 2.14803 1.76277 1.70533 1.53715 2.75196 1.65185
threshold=0.89296352863311779 0.53139176964759838 -0.00454028695821762 -0.0025519477203488346 0.21666666865348819 0.25000000745058065 0.025000001303851608 -0.0016152936732396481 0.058333335444331176 0.59424221515655529 -0.00414557778276503 0.45000000298023229 0.058333335444331176 0.12967975437641147 0.8388943374156953 -0.049129882827401154 0.98787754774093639 1.0023646950721743 0.24166666716337207 1.0427297353744509 0.92440375685691845 0.51413440704345714 0.78707411885261547 0.18333333730697635 0.25000000745058065 0.21666666865348819 0.40026827156543737 0.4977239355442547 0.49743782088659155 0.10375531762838365
decision_type=2 8 10 10 2 2 2 10 2 8 8 2 2 8 2 2 8 2 2 2 10 10 10 2 2 2 10 10 10 10
left_child=20 2 3 7 16 6 -6 -2 21 10 -3 12 -5 -11 -13 -10 17 -4 19 -19 -1 -9 23 -15 25 -25 -27 28 29 -7
right_child=1 9 4 11 5 27 -8 8 15 13 -12 14 -14 22 -16 -17 -18 18 -20 -21 -22 -23 -24 24 -26 26 -28 -29 -30 -31
leaf_value=-0.0057256047435675786 0.0016362411076844064 -0.0049339156634885155 0.00076510761955002175 0.0071662778573794994 -0.0082705784441064103 5.8536655998747324e-05 -0.00045783367300243432 0.011176429773030546 0.0064173449345461325 0.002099393284377317 -0.00075110378977572391 -0.0033500542446187418 0.0005077751230103013 -0.00019170817943141961 8.0809691516528113e-05 0.0018849149040507888 0.00011593570116229053 0.0037867840962917398 0.00087189996760201499 -0.00036138910928525792 -0.0020219292150893907 2.088801612934241e-05 -0.00011755763848397786 -0.0015140335540065894 -0.0011058752706200876 -0.0097293045496704388 -0.0028577708027067599 0.00099024071889570369 -0.0030798534523690715 -0.0016612627575513584
leaf_weight=1616 2764 601 6757 204 388 18106 1119 231 408 980 874 651 720 4205 1433 860 5755 1951 1762 278 470 51 29038 403 2984 204 212 3182 792 1509
leaf_count=1616 2764 601 6757 204 388 18106 1119 231 408 980 874 651 720 4205 1433 860 5755 1951 1762 278 470 51 29038 403 2984 204 212 3182 792 1509
internal_value=-1.30908e-05 0.000102075 0.000443149 0.0015612 0.000245122 -0.000180061 -0.00250665 0.00268038 0.00450782 -0.000319071 -0.00249149 -2.76376e-05 0.00203805 -0.000233426 -0.000968036 0.00338661 0.000894696 0.00130698 0.00221146 0.00324707 -0.00491645 0.00934282 -0.000296542 -0.000939224 -0.00175234 -0.00404254 -0.00636262 -2.92061e-05 -0.000190656 -7.12981e-05
internal_weight=90508 88422 48921 7322 41599 25096 1507 4314 1550 39501 1475 3008 924 38026 2084 1268 16503 10748 3991 2229 2086 282 37046 8008 3803 819 416 23589 20407 19615
internal_count=90508 88422 48921 7322 41599 25096 1507 4314 1550 39501 1475 3008 924 38026 2084 1268 16503 10748 3991 2229 2086 282 37046 8008 3803 819 416 23589 20407 19615
is_linear=0
shrinkage=0.05


Tree=11
num_leaves=31
num_cat=0
split_feature=1 152 16 56 58 81 81 82 12 111 23 3 91 76 142 79 158 142 8 82 49 12 43 25 17 39 38 127 158 158
split_gain=20.6666 4.14337 6.04411 6.90461 3.98383 3.78311 5.90511 8.22243 2.81383 3.33004 2.97356 2.59391 2.13298 1.85609 2.32054 2.54892 1.8398 1.8396 1.81557 1.7757 1.76751 1.76519 1.75383 1.56378 1.48478 1.44702 1.67765 2.25731 1.28197 1.17363
threshold=0.13785236328840259 0.51085945963859569 1.3109498620033266 1.1717621088027956 1.0424644351005556 0.21666666865348819 0.25000000745058065 0.025000001303851608 0.99882045388221752 0.21666666865348819 0.052489481866359718 0.030271901749074463 0.53990569710731517 0.050000002607703216 0.80640169978141796 0.35000000894069677 0.49924498021747543 1.4115215539932253 0.23529455810785296 0.20833333581686023 0.93184813857078563 1.0092795491218569 1.0966683626174929 0.10090292245149614 1.2275903224945071 0.0079753114841878432 0.0049579760525375613 0.18461758643388751 0.49510214482527232 0.49765335616930989
decision_type=2 10 10 2 2 2 2 2 2 2 10 2 8 2 10 2 8 10 2 2 2 2 2 8 8 8 10 10 10 10
left_child=1 5 4 -4 12 8 7 18 23 25 16 13 -3 14 15 -8 -11 -2 28 21 -5 -14 -13 -1 -6 26 -10 -28 -7 -15
right_child=17 2 3 20 24 6 11 -9 9 10 -12 22 19 29 -16 -17 -18 -19 -20 -21 -22 -23 -24 -25 -26 -27 27 -29 -30 -31
leaf_value=0 -0.005541227045788898 0.00073217272488248141 0.0080080828903096989 -0.00028868701852514548 0 -0.0097657448503275669 0.011838853897319901 -0.0010980098122084384 0.00041616863687276505 0 -0.0018253982287114113 -0.00055226032293118792 -0.00068787380211394501 -0.00038889638492826083 0.00064558761147778636 -0.00035482436540492236 0.0037685674058104885 -0.0014465976824260948 -0.0014730815219311129 0.00017978075231667173 0.0026790498926739206 -0.0039386362636322555 -0.0029008578032828219 -0.0019194824306516 0.006088915651600588 -0.0005707287187447156 0.0010617018145943034 0.0052683005637784884 3.7318510630239668e-05 0.0005800346893052522
leaf_weight=11317 1768 12210 535 751 141 472 98 1811 6567 388 336 1907 2584 23707 3586 62 1888 367 110 7312 1355 514 1449 1168 413 2513 1273 447 25 3562
leaf_count=11317 1768 12210 535 751 141 472 98 1811 6567 388 336 1907 2584 23707 3586 62 1888 367 110 7312 1355 514 1449 1168 413 2513 1273 447 25 3562
internal_value=-1.36137e-06 0.00011538 0.000648751 0.0029175 0.000387923 -0.000103479 -0.000429985 -0.0028199 0.000358422 0.000861893 0.00246811 -0.000260323 0.000282868 -0.000115678 0.000924851 0.00683039 0.00312443 -0.00486179 -0.0078647 -0.000239344 0.00159739 -0.00124445 -0.00158176 -0.000178453 0.00457905 0.000468604 0.000789841 0.00218641 -0.00917315 -0.00026048
internal_weight=90636 88501 25815 2641 23174 62686 36789 2418 25897 13412 2612 34371 22620 31015 3746 160 2276 2135 607 10410 2106 3098 3356 12485 554 10800 8287 1720 497 27269
internal_count=90636 88501 25815 2641 23174 62686 36789 2418 25897 13412 2612 34371 22620 31015 3746 160 2276 2135 607 10410 2106 3098 3356 12485 554 10800 8287 1720 497 27269
is_linear=0
shrinkage=0.05


Tree=12
num_leaves=31
num_cat=0
split_feature=1 126 77 53 16 29 25 157 79 16 5 28 32 12 17 80 27 11 142 92 37 92 94 78 69 26 40 144 87 80
split_gain=19.416 4.1873 4.34678 5.73673 3.59181 8.66622 3.07947 2.98136 3.30814 2.65326 2.6153 2.3608 2.33292 2.22742 3.0423 2.17 2.76786 2.09916 1.99678 1.94563 1.80379 3.0312 1.91514 1.85503 1.62062 1.57174 1.56347 1.50933 1.40195 1.40138
threshold=0.12111108377575876 0.41833338141441351 0.35833333432674414 1.1905371546745303 1.432964622974396 -0.0070288323331624261 0.097106881439685835 0.054768931120634086 0.45000000298023229 1.3891803026199343 0.014553477987647058 -0.0062598192598670712 0.0027818985981866722 1.010058641433716 0.81071457266807567 0.12500000372529033 0.12363375350832941 0.99188250303268444 0.91036164760589611 0.45977304875850683 0.76951995491981517 0.46339482069015508 0.49967357516288763 0.90000000596046459 0.2343593239784241 0.17079202085733416 0.016825895756483081 0.46311171352863317 0.89166665077209484 0.22500000149011615
decision_type=2 10 2 2 10 8 10 10 2 10 2 8 8 2 10 2 10 2 10 10 10 10 10 2 2 10 10 10 2 2
left_child=1 2 3 4 15 29 -7 8 9 10 20 24 -2 -13 19 16 -1 -3 -18 -15 26 -22 23 -23 -10 -5 -4 -17 -12 -6
right_child=12 17 7 25 5 6 -8 -9 11 -11 28 13 -14 14 -16 27 18 -19 -20 -21 21 22 -24 -25 -26 -27 -28 -29 -30 -31
leaf_value=0.00054494707947859574 -0.0013903714102626869 0.0012629147283664162 3.8467007340675007e-05 0.007010655010181702 -0.0034077435213989726 0.0096663695337082505 0 -0.0012142482778542147 -0.00022801204071171331 0.0049298605698167002 -0.00024473975681854349 -0.00060140143587295535 -0.0046461936072935226 -0.0075963748763471914 -0.0009851472868632504 -0.00042578327083710567 0.0057006888572779914 0.0046290698080278083 0.0016908861125388482 -0.0017213143710455116 -0.00016323006459887521 0.0064757235393979916 0.0012905608420159019 0 0.0010397747496102875 -0.0022629938889728038 0.0013464631968994711 0.00041533771038900657 -0.0026410426058861253 0.0010667979105477661
leaf_weight=5280 780 2889 7143 421 222 443 91 6525 11532 329 3398 12525 2377 379 1288 8873 478 574 1054 266 879 602 574 137 3220 42 3417 13298 761 804
leaf_count=5280 780 2889 7143 421 222 443 91 6525 11532 329 3398 12525 2377 379 1288 8873 478 574 1054 266 879 602 574 137 3220 42 3417 13298 761 804
internal_value=-6.1888e-06 0.000132355 6.14688e-05 0.000532114 0.000446505 0.002787 0.00794703 -0.000213058 -7.1318e-05 0.000476595 0.000386715 -0.000396418 -0.00385831 -0.000850627 -0.0024385 0.000318712 0.00109972 0.00183647 0.0029775 -0.0052573 0.000743705 0.00205538 0.00357769 0.00528246 4.53773e-05 0.00605859 0.00046653 7.64557e-05 -0.000695756 4.75614e-05
internal_weight=90601 87444 83981 31006 30543 1560 534 52975 46450 17240 16911 29210 3157 14458 1933 28983 6812 3463 1532 645 12752 2192 1313 739 14752 463 10560 22171 4159 1026
internal_count=90601 87444 83981 31006 30543 1560 534 52975 46450 17240 16911 29210 3157 14458 1933 28983 6812 3463 1532 645 12752 2192 1313 739 14752 463 10560 22171 4159 1026
is_linear=0
shrinkage=0.05


end of trees

feature_importances:
feature_IMIN60=26
feature_IMIN30=24
feature_KLOW=14
feature_KLEN=13
feature_STD20=13
feature_ROC60=12
feature_RESI5=12
shareholder_change_count_20d=12
feature_VWAP0=11
feature_ROC30=11
feature_IMIN10=10
feature_KMID=9
feature_BETA5=9
feature_BETA60=9
feature_QTLU5=8
feature_CORR60=8
feature_WVMA60=8
feature_KSFT2=7
feature_IMXD60=7
feature_IMIN20=6
feature_CORR10=6
feature_RESI10=5
feature_SUMP30=5
feature_HIGH0=4
feature_RSQR60=4
feature_SUMP60=4
feature_VMA60=4
feature_LOW0=3
feature_MA5=3
feature_MA10=3
feature_STD30=3
feature_STD60=3
feature_RESI20=3
feature_MIN5=3
feature_QTLU60=3
feature_CNTN60=3
feature_CNTD60=3
feature_SUMP10=3
feature_SUMN30=3
feature_WVMA10=3
feature_VSUMN60=3
feature_KMID2=2
feature_OPEN0=2
feature_ROC10=2
feature_ROC20=2
feature_STD5=2
feature_BETA10=2
feature_BETA20=2
feature_RSQR30=2
feature_RESI30=2
feature_MAX5=2
feature_MAX10=2
feature_MIN20=2
feature_MIN60=2
feature_QTLD10=2
feature_RSV10=2
feature_RSV30=2
feature_IMAX30=2
feature_IMAX60=2
feature_IMIN5=2
feature_CORD10=2
feature_CNTP20=2
feature_CNTP60=2
feature_CNTD30=2
feature_SUMN10=2
feature_SUMD20=2
feature_SUMD60=2
feature_WVMA30=2
feature_VSUMP60=2
feature_KUP=1
feature_KSFT=1
feature_STD10=1
feature_RSQR10=1
feature_RSQR20=1
feature_MAX20=1
feature_MAX30=1
feature_MAX60=1
feature_MIN10=1
feature_QTLU20=1
feature_QTLU30=1
feature_QTLD5=1
feature_RANK10=1
feature_IMAX5=1
feature_IMAX10=1
feature_IMXD10=1
feature_IMXD20=1
feature_CORR20=1
feature_CORR30=1
feature_CNTP30=1
feature_CNTN20=1
feature_CNTD10=1
feature_SUMN5=1
feature_SUMD10=1
feature_SUMD30=1
feature_VMA5=1
feature_VMA20=1
feature_VSUMP10=1
feature_VSUMP20=1
feature_VSUMN10=1
feature_VSUMD60=1

parameters:
[boosting: gbdt]
[objective: regression]
[metric: l2]
[tree_learner: serial]
[device_type: cpu]
[data_sample_strategy: bagging]
[data: ]
[valid: ]
[num_iterations: 400]
[learning_rate: 0.05]
[num_leaves: 31]
[num_threads: 20]
[seed: 42]
[deterministic: 0]
[force_col_wise: 0]
[force_row_wise: 0]
[histogram_pool_size: -1]
[max_depth: -1]
[min_data_in_leaf: 20]
[min_sum_hessian_in_leaf: 0.001]
[bagging_fraction: 0.8]
[pos_bagging_fraction: 1]
[neg_bagging_fraction: 1]
[bagging_freq: 1]
[bagging_seed: 400]
[bagging_by_query: 0]
[feature_fraction: 0.8]
[feature_fraction_bynode: 1]
[feature_fraction_seed: 30056]
[extra_trees: 0]
[extra_seed: 12879]
[early_stopping_round: 0]
[early_stopping_min_delta: 0]
[first_metric_only: 0]
[max_delta_step: 0]
[lambda_l1: 1]
[lambda_l2: 1]
[linear_lambda: 0]
[min_gain_to_split: 0]
[drop_rate: 0.1]
[max_drop: 50]
[skip_drop: 0.5]
[xgboost_dart_mode: 0]
[uniform_drop: 0]
[drop_seed: 17869]
[top_rate: 0.2]
[other_rate: 0.1]
[min_data_per_group: 100]
[max_cat_threshold: 32]
[cat_l2: 10]
[cat_smooth: 10]
[max_cat_to_onehot: 4]
[top_k: 20]
[monotone_constraints: ]
[monotone_constraints_method: basic]
[monotone_penalty: 0]
[feature_contri: ]
[forcedsplits_filename: ]
[refit_decay_rate: 0.9]
[cegb_tradeoff: 1]
[cegb_penalty_split: 0]
[cegb_penalty_feature_lazy: ]
[cegb_penalty_feature_coupled: ]
[path_smooth: 0]
[interaction_constraints: ]
[verbosity: -1]
[saved_feature_importance_type: 0]
[use_quantized_grad: 0]
[num_grad_quant_bins: 4]
[quant_train_renew_leaf: 0]
[stochastic_rounding: 1]
[linear_tree: 0]
[max_bin: 255]
[max_bin_by_feature: ]
[min_data_in_bin: 3]
[bin_construct_sample_cnt: 200000]
[data_random_seed: 175]
[is_enable_sparse: 1]
[enable_bundle: 1]
[use_missing: 1]
[zero_as_missing: 0]
[feature_pre_filter: 1]
[pre_partition: 0]
[two_round: 0]
[header: 0]
[label_column: ]
[weight_column: ]
[group_column: ]
[ignore_column: ]
[categorical_feature: ]
[forcedbins_filename: ]
[precise_float_parser: 0]
[parser_config_file: ]
[objective_seed: 16083]
[num_class: 1]
[is_unbalance: 0]
[scale_pos_weight: 1]
[sigmoid: 1]
[boost_from_average: 1]
[reg_sqrt: 0]
[alpha: 0.9]
[fair_c: 1]
[poisson_max_delta_step: 0.7]
[tweedie_variance_power: 1.5]
[lambdarank_truncation_level: 30]
[lambdarank_norm: 1]
[label_gain: ]
[lambdarank_position_bias_regularization: 0]
[eval_at: ]
[multi_error_top_k: 1]
[auc_mu_weights: ]
[num_machines: 1]
[local_listen_port: 12400]
[time_out: 120]
[machine_list_filename: ]
[machines: ]
[gpu_platform_id: -1]
[gpu_device_id: -1]
[gpu_device_id_list: ]
[gpu_use_dp: 0]
[num_gpu: 1]

end of parameters

pandas_categorical:[]
