tree
version=v4
num_class=1
num_tree_per_iteration=1
label_index=0
max_feature_idx=164
objective=regression
feature_names=feature_KMID feature_KLEN feature_KMID2 feature_KUP feature_KUP2 feature_KLOW feature_KLOW2 feature_KSFT feature_KSFT2 feature_OPEN0 feature_HIGH0 feature_LOW0 feature_VWAP0 feature_ROC5 feature_ROC10 feature_ROC20 feature_ROC30 feature_ROC60 feature_MA5 feature_MA10 feature_MA20 feature_MA30 feature_MA60 feature_STD5 feature_STD10 feature_STD20 feature_STD30 feature_STD60 feature_BETA5 feature_BETA10 feature_BETA20 feature_BETA30 feature_BETA60 feature_RSQR5 feature_RSQR10 feature_RSQR20 feature_RSQR30 feature_RSQR60 feature_RESI5 feature_RESI10 feature_RESI20 feature_RESI30 feature_RESI60 feature_MAX5 feature_MAX10 feature_MAX20 feature_MAX30 feature_MAX60 feature_MIN5 feature_MIN10 feature_MIN20 feature_MIN30 feature_MIN60 feature_QTLU5 feature_QTLU10 feature_QTLU20 feature_QTLU30 feature_QTLU60 feature_QTLD5 feature_QTLD10 feature_QTLD20 feature_QTLD30 feature_QTLD60 feature_RANK5 feature_RANK10 feature_RANK20 feature_RANK30 feature_RANK60 feature_RSV5 feature_RSV10 feature_RSV20 feature_RSV30 feature_RSV60 feature_IMAX5 feature_IMAX10 feature_IMAX20 feature_IMAX30 feature_IMAX60 feature_IMIN5 feature_IMIN10 feature_IMIN20 feature_IMIN30 feature_IMIN60 feature_IMXD5 feature_IMXD10 feature_IMXD20 feature_IMXD30 feature_IMXD60 feature_CORR5 feature_CORR10 feature_CORR20 feature_CORR30 feature_CORR60 feature_CORD5 feature_CORD10 feature_CORD20 feature_CORD30 feature_CORD60 feature_CNTP5 feature_CNTP10 feature_CNTP20 feature_CNTP30 feature_CNTP60 feature_CNTN5 feature_CNTN10 feature_CNTN20 feature_CNTN30 feature_CNTN60 feature_CNTD5 feature_CNTD10 feature_CNTD20 feature_CNTD30 feature_CNTD60 feature_SUMP5 feature_SUMP10 feature_SUMP20 feature_SUMP30 feature_SUMP60 feature_SUMN5 feature_SUMN10 feature_SUMN20 feature_SUMN30 feature_SUMN60 feature_SUMD5 feature_SUMD10 feature_SUMD20 feature_SUMD30 feature_SUMD60 feature_VMA5 feature_VMA10 feature_VMA20 feature_VMA30 feature_VMA60 feature_VSTD5 feature_VSTD10 feature_VSTD20 feature_VSTD30 feature_VSTD60 feature_WVMA5 feature_WVMA10 feature_WVMA20 feature_WVMA30 feature_WVMA60 feature_VSUMP5 feature_VSUMP10 feature_VSUMP20 feature_VSUMP30 feature_VSUMP60 feature_VSUMN5 feature_VSUMN10 feature_VSUMN20 feature_VSUMN30 feature_VSUMN60 feature_VSUMD5 feature_VSUMD10 feature_VSUMD20 feature_VSUMD30 feature_VSUMD60 amount_20 momentum_60 price_vs_ma20 reversal_20 volatility_20 volume_ratio_20_60 volume_ratio_5_20
feature_infos=[-0.18378382921218872:0.23204429447650909] [0:0.2587992250919342] [-1:1] [0:0.17515505850315094] [0:1] [0:0.1814553290605545] [0:1] [-0.21837836503982544:0.2587992250919342] [-1:1] [0.81165915727615356:1.2251656055450439] [1:1.2768211364746094] [0.78991591930389404:1] [0.86167383193969727:1.1553093194961548] [0.50938946008682251:1.8084112405776978] [0.38546353578567505:2.5034608840942383] [0.20094425976276398:3.1202185153961182] [0.18492695689201355:5.7117090225219727] [0.13746649026870728:7.1328182220458984] [0.73912703990936279:1.3500000238418579] [0.58375918865203857:1.6204214096069336] [0.48958152532577515:2.2400727272033691] [0.40701004862785339:2.491147518157959] [0.28582838177680969:3.7705175876617432] [0:0.31421336531639099] [0.00023446726845577359:0.44042909145355225] [0.0005574155948124826:0.84243810176849365] [0.0005574155948124826:1.5140218734741211] [0.0005574155948124826:2.5884873867034912] [-0.18953272700309753:0.11699225753545761] [-0.14318288862705231:0.091486923396587372] [-0.13684648275375366:0.091486923396587372] [-0.153787761926651:0.091486923396587372] [-0.13677342236042023:0.091486923396587372] [0:1] [0:1] [0:1] [2.2261162995574702e-15:1] [8.3690260277435868e-10:1] [-0.11662719398736954:0.098536819219589233] [-0.23734408617019653:0.19709315896034241] [-0.45356476306915283:0.34632593393325806] [-0.59292685985565186:0.92638540267944336] [-1.1882275342941284:1.6086900234222412] [1:1.7841874361038208] [1:2.2531874179840088] [1:3.1650238037109375] [1:5.7535200119018555] [1:9.3708133697509766] [0.50947773456573486:1] [0.34822705388069153:1] [0.19764620065689087:1] [0.18116329610347748:1] [0.079663857817649841:1] [0.86649966239929199:1.6521495580673218] [0.72217452526092529:2.0949892997741699] [0.58081799745559692:3.0763568878173828] [0.47937741875648499:3.5877678394317627] [0.33353924751281738:7.2022075653076172] [0.58712047338485718:1.184606671333313] [0.39663863182067871:1.3228549957275391] [0.22801922261714935:1.6053929328918457] [0.19504037499427795:1.7554135322570801] [0.12582564353942871:2.6131875514984131] [0.20000000298023224:1] [0.10000000149011612:1] [0.05000000074505806:1] [0.033333335071802139:1] [0.01666666753590107:1] [0:1] [0:1] [0:1] [0:1] [0:1] [0.20000000298023224:1] [0.10000000149011612:1] [0.05000000074505806:1] [0.033333335071802139:1] [0.01666666753590107:1] [0.20000000298023224:1] [0.10000000149011612:1] [0.05000000074505806:1] [0.033333335071802139:1] [0.01666666753590107:1] [-0.80000001192092896:0.80000001192092896] [-0.89999997615814209:0.89999997615814209] [-0.94999998807907104:0.94999998807907104] [-0.96666663885116577:0.96666663885116577] [-0.98333334922790527:0.98333334922790527] [-1:1] [-1:1] [-1:1] [-1:1] [-1:1] [-1:1] [-1:1] [-1:1] [-1:1] [-1:1] [0:1] [0:1] [0:0.94999998807907104] [0:0.86666667461395264] [0:0.76666665077209473] [0:1] [0:1] [0:0.94999998807907104] [0:0.86666667461395264] [0:0.83333331346511841] [-1:1] [-1:1] [-0.94999998807907104:0.89999997615814209] [-0.76666665077209473:0.76666665077209473] [-0.75:0.55000001192092896] [0:1] [0:1] [0:1] [0:1] [0:1] [0:1] [0:1] [0:1] [0:1] [0:1] [-1:1] [-1:1] [-1:1] [-1:1] [-1:1] [0.20471267402172089:235.782958984375] [0.10461504012346268:383.34182739257812] [0.075067855417728424:425.7928466796875] [0.056173093616962433:430.86871337890625] [0.033522188663482666:438.94296264648438] [0.00029457567143253982:408.0859375] [0.0027553131803870201:414.00186157226562] [0.0027553131803870201:307.87985229492188] [0.0027553131803870201:262.36935424804688] [0.0027553131803870201:275.11691284179688] [0:2.2360680103302002] [0.018472533673048019:3.0074613094329834] [0.068585917353630066:3.8974208831787109] [0.068585917353630066:4.5948772430419922] [0.068585917353630066:5.3810009956359863] [0:1] [0:1] [0:1] [0:1] [0:1] [0:1] [0:1] [0:1] [0:1] [0:1] [-1:1] [-1:1] [-1:1] [-1:1] [-1:1] [0.00038284839203675346:0.99851190476190477] [0.00022487069934787497:1] [0.00021706099413935315:1] [0.00022351363433169424:1] [0.00021734405564007825:1] [0.00025176233635448137:1] [0.00022168033695411216:1]
tree_sizes=3017 3045 3036 3070 3007 3015 3013 3017 3053 3083 3077 3037 3062 3005 3079 3040 3062 3061

Tree=0
num_leaves=31
num_cat=0
split_feature=1 47 48 100 82 82 8 9 121 144 139 161 114 44 157 158 17 71 161 17 159 37 158 152 25 82 86 86 164 91
split_gain=56.8039 9.30867 13.1204 8.12106 7.6557 7.5919 11.2204 6.8509 5.97338 5.66669 5.47528 5.43827 4.56226 4.3251 4.14837 3.96142 4.98383 3.80592 3.88362 3.34536 4.53743 2.9852 3.28517 2.96127 2.61942 2.55425 2.39585 2.3332 2.26218 2.08116
threshold=0.12535332143306735 1.5154905915260317 0.93048468232154857 0.47499999403953558 0.058333335444331176 0.025000001303851608 -0.77777883410453785 1.0663143396377566 0.2973166704177857 0.4920437633991242 0.84619471430778515 0.18782284746124497 0.41916292905807501 1.0845921039581301 0.052461091428995139 0.43982146180105497 0.87114542722702037 0.6754380762577058 0.5227170834063366 0.87523329257965099 0.90215430195286617 0.81603989005088817 0.48257315371367965 0.50675237178802501 0.09966015070676805 0.075000002980232253 -1.0000000180025095e-35 -0.45000000298023218 0.47047999358714737 0.35518082976341253
decision_type=2 2 2 2 2 2 2 2 8 10 8 2 10 2 10 2 8 2 2 8 2 10 2 10 8 2 2 2 2 8
left_child=1 5 13 7 12 6 9 26 11 19 -2 -7 -5 25 17 16 -8 21 -19 20 -1 29 -23 -6 -13 -3 -4 -15 -28 -10
right_child=10 2 3 4 23 8 15 -9 14 -11 -12 24 -14 27 -16 -17 -18 18 -20 -21 -22 22 -24 -25 -26 -27 28 -29 -30 -31
leaf_value=-0.01042482138737218 -0.0069817027823449217 0.01120061068891651 0.0035320998993379014 0.0056841281049041983 0.002435705955728278 0.0028286373708832488 -0.0050936533113541561 0.0095975900844798775 0.0022828227885085344 0.00084189374767635412 -0.0023776818729706536 0.0083354511208154521 0.015802533055844472 0.0016890219648002791 0.00078487263547423404 0.0016759762112240788 0.0017338745909002476 0.0024501758417749581 0.0049619480389022606 -0.0018599138286550386 -0.00017502894036239411 0.0069097765776031314 0.0025527792274837838 0.0070858982276625531 -0.00060316137373079247 0.0026638931825372168 0.0034988494362794414 -0.0014942422525140737 -0.0013792379643270463 0.0014909108043597921
leaf_weight=457 1717 124 3144 186 560 2376 519 419 11542 570 1127 806 357 1030 7259 7806 581 11614 1794 426 158 536 2462 1002 82 349 398 1408 559 29325
leaf_count=457 1717 124 3144 186 560 2376 519 419 11542 570 1127 806 357 1030 7259 7806 581 11614 1794 426 158 536 2462 1002 82 349 398 1408 559 29325
internal_value=0.00177695 0.00200158 0.00347652 0.00470787 0.0072832 0.00182132 0.000572171 0.00349651 0.00201585 -0.00327001 -0.00517694 0.00410313 0.012442 0.000691288 0.00190947 0.00127329 -0.00153623 0.0020529 0.00279019 -0.00547042 -0.00788019 0.00182637 0.00334986 0.0054522 0.00745202 0.00502244 0.00285922 -0.000170482 0.000701323 0.0017158
internal_weight=90693 87849 9536 6625 2105 78313 10517 4520 67796 1611 2844 3264 543 2911 64532 8906 1100 57273 13408 1041 615 43865 2998 1562 888 473 4101 2438 957 40867
internal_count=90693 87849 9536 6625 2105 78313 10517 4520 67796 1611 2844 3264 543 2911 64532 8906 1100 57273 13408 1041 615 43865 2998 1562 888 473 4101 2438 957 40867
is_linear=0
shrinkage=1


Tree=1
num_leaves=31
num_cat=0
split_feature=1 57 48 0 81 81 82 100 82 71 160 44 1 82 142 159 21 17 38 29 80 105 53 44 91 124 29 8 1 152
split_gain=53.9916 8.64423 12.5014 9.08717 7.64822 14.3494 19.8839 7.52584 7.33515 5.57069 9.16416 4.4505 4.43982 4.28456 4.18427 4.15553 3.825 3.76262 3.68182 3.16334 2.78846 2.23389 2.17088 1.9559 1.88548 1.87088 1.82098 1.80518 1.80163 1.78986
threshold=0.13043481856584552 1.257884204387665 0.94336381554603588 -0.071069378405809389 0.21666666865348819 0.25000000745058065 0.025000001303851608 0.47499999403953558 0.058333335444331176 0.6754380762577058 0.683177648678023 1.0975124239921572 0.078260883688926711 0.075000002980232253 1.4624803662300112 0.90737825292674767 0.94049820303916942 0.78965985774993908 0.0022422784240916376 -0.0090003348886966688 0.37500000000000006 0.47499999403953558 1.1601572632789614 1.0457538962364199 0.43786677718162542 -0.097235042601823793 -0.0071699263062328092 -0.80000177025794972 0.14629016071558001 0.50675237178802501
decision_type=2 2 2 2 2 2 2 2 2 2 2 2 2 2 10 2 2 10 10 10 2 2 2 2 8 8 10 2 2 10
left_child=1 4 11 22 9 6 15 21 19 24 12 13 16 -3 28 -6 -11 18 23 -9 -13 -5 -4 -7 26 -19 -1 -8 -2 -10
right_child=14 2 3 7 5 17 27 8 29 10 -12 20 -14 -15 -16 -17 -18 25 -20 -21 -22 -23 -24 -25 -26 -27 -28 -29 -30 -31
leaf_value=-0.00042708595854810044 -0.0054612036978375191 0.010125078825978562 0.0024015293029151508 -0.0021403577092579764 -0.012089052113045916 -5.1918331246609047e-05 -0.0050292452346096077 0.0014679264794159239 0.00035769868733920545 0.0055582908493905401 0.00053499047035602653 -0.0040400558732429336 -0.001910862763651479 0.00076459594976622614 -0.0026479336886541206 -0.0014347723677443963 0.0022362087521720897 -0.00032709037655254559 3.2190513143305024e-05 0.013125472722835603 -0.00065472969097252068 0.0015412790060266007 0.010369752977864556 -0.0029022809442397044 -0.00037653523295298709 0.00040397415813654599 0.0012340479682560895 -0.00081550947293282145 -0.0091210331793557808 0.0044680077314500884
leaf_weight=2471 545 149 127 445 668 804 298 83 421 1808 9874 855 347 749 444 119 1803 17151 3034 331 2279 4221 464 2912 11231 17832 4750 2108 1527 868
leaf_count=2471 545 149 127 445 668 804 298 83 421 1808 9874 855 347 749 444 119 1803 17151 3034 331 2279 4221 464 2912 11231 17832 4750 2108 1527 868
internal_value=-8.40256e-06 0.0001971 0.00150894 0.00279365 9.6755e-06 -0.000411513 -0.00364227 0.00223191 0.00508487 0.000597339 0.00135597 -0.00069647 0.00339078 0.00238288 -0.00722967 -0.0105454 0.00391447 -0.000163047 -0.00124403 0.010918 -0.00159524 0.00117906 0.00874887 -0.0022992 2.59016e-05 4.41292e-05 0.00065871 -0.00136006 -0.0081856 0.00316562
internal_weight=90718 88202 10992 6960 77210 44926 3193 6369 1703 32284 13832 4032 3958 898 2516 787 3611 41733 6750 414 3134 4666 591 3716 18452 34983 7221 2406 2072 1289
internal_count=90718 88202 10992 6960 77210 44926 3193 6369 1703 32284 13832 4032 3958 898 2516 787 3611 41733 6750 414 3134 4666 591 3716 18452 34983 7221 2406 2072 1289
is_linear=0
shrinkage=0.05


Tree=2
num_leaves=31
num_cat=0
split_feature=1 0 79 16 25 28 87 81 158 11 50 87 81 81 12 92 89 81 18 52 32 23 160 121 159 117 8 161 159 52
split_gain=47.0253 7.9208 7.62888 20.5571 8.70115 7.5928 5.39721 5.11553 8.55757 5.06675 3.81973 3.63347 3.5661 8.15347 5.42063 3.74151 3.50899 3.3719 2.89556 2.61464 2.55824 2.55496 2.32122 2.27677 2.13171 2.38684 2.40774 2.02557 2.00968 2.28254
threshold=0.12111108377575876 -0.071069378405809389 0.45000000298023229 1.3891803026199343 0.091671675443649306 -0.046283408999443047 -0.40833333134651179 0.21666666865348819 0.39982930560851443 0.8845697045326234 0.92012926936149608 0.85833334922790538 0.21666666865348819 0.25000000745058065 1.0060119032859804 0.45977304875850683 0.45607632398605352 0.25000000745058065 1.0550398826599123 0.74406939744949352 0.0029127235757187013 0.050736429169774062 0.96807897675294929 0.30622552335262304 0.66549774002962292 0.52460658550262462 -0.75574278831481922 0.30407295118177974 0.62081242277094895 0.79138180613517772
decision_type=2 2 2 10 8 8 2 2 2 2 2 2 2 2 2 10 8 2 2 2 8 8 2 10 2 10 2 2 2 2
left_child=1 5 3 7 10 -1 18 8 21 22 -5 -9 23 14 -14 -16 28 -13 -4 -15 -11 -3 -2 27 25 -21 -27 -8 29 -10
right_child=9 2 6 4 -6 -7 12 11 16 20 -12 17 13 19 15 -17 -18 -19 -20 24 -22 -23 -24 -25 -26 26 -28 -29 -30 -31
leaf_value=0.0092623468775092973 -0.0084206250352440431 0.0055225651896289333 0.0004865428604815865 0.013679707290329416 0 0.0010956909984311005 0.0011005464389793498 0.00021476621245572139 0.0048751004857974112 -0.00063828641111031176 0.0036781686886596231 -0.0077070576170343956 -0.0019497838360826737 -0.001964774103074263 -0.011274595258928507 -0.0030616515204219112 0.00010308718109648066 -0.0012526288853829332 0.0035199389886801436 -0.00049801845926061188 -0.0051308524346910392 -0.0011665740926856125 -0.0025877647717888448 -8.5387028840116751e-05 0.00032068443033852285 -0.0068222927242670168 -0.0016723229642372365 0.0072563338067112987 0.0010705344995367862 0.0013707107402122067
leaf_weight=462 1549 1337 10306 476 216 783 546 18162 926 499 139 237 955 3283 372 254 7656 1617 860 9779 1021 146 222 15665 6210 275 1643 189 4090 1039
leaf_count=462 1549 1337 10306 476 216 783 546 18162 926 499 139 237 955 3283 372 254 7656 1617 860 9779 1021 146 222 15665 6210 275 1643 189 4090 1039
internal_value=-8.15601e-06 0.000211705 0.000154006 0.000709672 0.00848181 0.00417134 -0.00024286 0.000524584 0.00121628 -0.00587543 0.01151 0 -0.000520028 -0.000924976 -0.00439326 -0.00803213 0.000821445 -0.00210837 0.000724945 -0.000663651 -0.00369025 0.00482999 -0.00771955 3.92067e-05 -0.000422219 -0.000820899 -0.00243994 0.00275911 0.00172132 0.00304922
internal_weight=90914 87623 86378 36041 831 1245 50337 35210 15194 3291 615 20016 39171 22771 1581 626 13711 1854 11166 21190 1520 1483 1771 16400 17907 11697 1918 735 6055 1965
internal_count=90914 87623 86378 36041 831 1245 50337 35210 15194 3291 615 20016 39171 22771 1581 626 13711 1854 11166 21190 1520 1483 1771 16400 17907 11697 1918 735 6055 1965
is_linear=0
shrinkage=0.05


Tree=3
num_leaves=31
num_cat=0
split_feature=1 9 53 89 79 16 82 12 25 81 80 80 24 1 142 28 32 31 142 161 162 121 152 27 124 82 126 50 6 161
split_gain=45.5648 7.56709 8.59347 6.84328 6.99869 15.2825 5.21862 6.11831 4.90505 4.36521 4.3348 5.75059 3.16619 3.13943 2.97079 2.89836 3.42227 2.6226 2.58932 2.40197 2.22918 2.19518 2.05645 2.15084 2.28599 1.93953 1.84848 2.40273 1.79385 1.74686
threshold=0.13785236328840259 1.0767771601676943 1.1601572632789614 0.46493268013000494 0.45000000298023229 1.3521531224250796 0.025000001303851608 1.0090952515602114 0.10826709121465684 0.18333333730697635 0.37500000000000006 0.27500000596046453 0.068326935172081008 0.10161628946661951 1.0404824614524844 -0.010482369922101496 -0.0038273461395874615 0.0067158860620111236 1.4584803581237795 0.11563943418918972 0.52947350763917156 0.31005768477916723 0.49544803798198706 0.14252419769763949 0.1788095757365227 0.058333335444331176 0.31744159758090978 0.73637953400611889 0.6153848171234132 0.63612670327343424
decision_type=2 2 2 8 2 10 2 2 10 2 2 2 10 2 10 10 10 10 10 2 2 10 10 10 8 2 10 2 2 2
left_child=1 3 -3 4 5 9 7 -5 14 13 11 -9 21 17 -7 16 -6 -1 -2 -19 -14 -8 -23 24 -24 -25 27 -17 -18 -28
right_child=18 2 -4 6 15 8 12 10 -10 -11 -12 -13 20 -15 -16 26 28 19 -20 -21 -22 22 23 25 -26 -27 29 -29 -30 -31
leaf_value=0.0013755861431583903 -0.0079762148214073524 0.00046610139932506505 0.0087730896901386645 -0.00076299529715405162 0.0024933760810580598 0.013686055775574397 0.0019374725244362446 -0.0035615505865751497 -0.0010397416844923971 0.00036185349534723879 -0.00012221652111456466 -0.01163319975748891 -0.0036742090668320094 -0.0026751548757194001 0.0050338397667660214 -0.0052090844986367284 -1.5100220453418603e-05 0.0017989838163142207 -0.0028617221213427207 0.0048711873746605395 -0.00079775304092692635 -0.00048768228638660467 -0.00019785174602146216 0.0063879267432672389 0.001142879291692671 0.0013037527231400752 0.0012613128645713254 -0.00039551005200365779 0.0022883003831891992 0.010260723109522293
leaf_weight=3375 1811 766 540 4469 2139 354 1495 717 92 9081 428 339 821 320 170 265 7362 1232 326 1488 4260 13667 12523 221 4246 1616 643 14893 948 61
leaf_count=3375 1811 766 540 4469 2139 354 1495 717 92 9081 428 339 821 320 170 265 7362 1232 326 1488 4260 13667 12523 221 4246 1616 643 14893 948 61
internal_value=-7.84074e-06 0.000165791 0.00394318 0.000108615 0.00056416 0.00138494 -0.000321628 -0.00170062 0.00911287 0.00107395 -0.00448816 -0.00620859 -0.000108994 0.00207397 0.0109892 5.96057e-05 0.000707774 0.00233191 -0.00722109 0.00349921 -0.00127301 6.47049e-05 -2.05565e-05 0.00031989 0.000138695 0.00194575 -0.000364237 -0.0004833 0.000241898 0.00212546
internal_weight=90668 88531 1306 87225 42423 16112 44802 5953 616 15496 1484 1056 38849 6415 524 26311 10449 6095 2137 2720 5081 33768 32273 18606 16769 1837 15862 15158 8310 704
internal_count=90668 88531 1306 87225 42423 16112 44802 5953 616 15496 1484 1056 38849 6415 524 26311 10449 6095 2137 2720 5081 33768 32273 18606 16769 1837 15862 15158 8310 704
is_linear=0
shrinkage=0.05


Tree=4
num_leaves=31
num_cat=0
split_feature=1 0 79 46 56 53 5 81 87 25 159 22 8 82 57 81 82 53 37 17 159 57 159 76 17 24 28 121 12 27
split_gain=37.086 7.27874 6.44624 11.9124 8.01313 6.44539 4.92025 5.29007 4.72328 4.64245 4.61449 7.21446 3.30279 6.4436 3.7683 3.22172 4.95266 3.06097 2.53658 2.47069 2.39658 2.39125 2.29394 2.25581 2.07426 2.03036 1.98108 2.2328 1.83118 1.71818
threshold=0.12111108377575876 -0.071069378405809389 0.45000000298023229 1.4595353603363039 1.1979663372039797 1.1601572632789614 0.030325888656079773 0.21666666865348819 -0.30833333730697626 0.084571886807680144 0.62081242277094895 0.93723016977310192 -0.80000177025794972 0.025000001303851608 1.1672083735466006 0.25000000745058065 0.025000001303851608 1.104373097419739 0.38751459121704107 0.88342696428298961 0.85808098579034553 1.2522827982902529 0.97042477440588104 0.21666666865348819 0.79234382510185253 0.10290040075778963 -0.0068965498358011237 0.2973166704177857 0.99659153819084179 0.15235996246337893
decision_type=2 2 2 2 2 2 2 2 2 8 2 2 2 2 2 2 2 2 10 10 2 2 2 2 8 10 10 10 2 10
left_child=1 5 3 6 21 -1 7 10 17 -2 11 28 13 14 23 16 20 -4 -19 -8 -9 -5 -11 -10 -25 26 -14 -28 -3 -12
right_child=9 2 8 4 -6 -7 19 15 12 22 29 -13 25 -15 -16 -17 -18 18 -20 -21 -22 -23 -24 24 -26 -27 27 -29 -30 -31
leaf_value=0.00089625398406792216 -0.0020361124284358489 0.0023453479203968215 0.00039028266903441325 0.003386201062682591 0.0014960043719703599 0.0083050517643974454 -0.0025656646152894128 -0.011021115306956585 -0.010898531280454272 -0.0070891400908526039 0.00048082126337500034 0.00097605840066579581 0.00020551921856101475 -0.00077452953160330937 0 0.0002889073180334522 -0.00063175198070307859 6.0030588312470063e-06 0.0060245600054342416 0.0016078675440083798 0 0.012326421894925657 -0.0023306906244816316 -0.0083735803298153107 -0.001103226692764493 -0.0022549218049200269 0.0024992117252164831 -0.00070296829962077133 0.0057984563610569808 0.002926974407132446
leaf_weight=726 854 593 12802 114 524 513 1822 203 282 2011 8095 2897 13311 3397 237 17386 1026 311 456 424 73 395 329 208 220 1328 555 17157 1511 801
leaf_count=726 854 593 12802 114 524 513 1822 203 282 2011 8095 2897 13311 3397 237 17386 1026 311 456 424 73 395 329 208 220 1328 555 17157 1511 801
internal_value=9.27416e-06 0.000203315 0.000147951 0.000660381 0.00595365 0.00400837 0.000501794 0.000658944 -0.000216686 -0.00528117 0.00139798 0.00261676 -0.000512143 -0.00180914 -0.00546292 0.000106649 -0.00228708 0.000578621 0.00365247 -0.00175517 -0.00823557 0.0104327 -0.00644275 -0.00728295 -0.00476432 -0.00033639 -0.000252582 -0.000599671 0.00485055 0.000706998
internal_weight=90561 87367 86128 35864 1033 1239 34831 32585 50264 3194 13897 5001 36695 4344 947 18688 1302 13569 767 2246 276 509 2340 710 428 32351 31023 17712 2104 8896
internal_count=90561 87367 86128 35864 1033 1239 34831 32585 50264 3194 13897 5001 36695 4344 947 18688 1302 13569 767 2246 276 509 2340 710 428 32351 31023 17712 2104 8896
is_linear=0
shrinkage=0.05


Tree=5
num_leaves=31
num_cat=0
split_feature=1 32 58 126 161 82 29 141 82 158 17 73 8 152 46 80 52 5 80 79 5 158 17 159 159 82 142 8 15 80
split_gain=35.2518 6.15084 8.22781 5.94768 5.5255 5.34053 10.2282 7.50158 4.4793 8.54013 6.05647 4.32061 4.2511 3.6646 3.37021 3.35052 3.23987 2.99477 2.95663 3.07397 3.35397 2.85125 2.39348 3.79744 2.37759 2.31261 2.20275 2.14367 1.9279 1.91052
threshold=0.12535332143306735 -0.0052938591688871375 1.0424644351005556 0.35915823280811315 0.32641988413811268 0.058333335444331176 -0.0066482082474976769 1.0083246231079104 0.025000001303851608 0.43443385592304878 0.93567895889282238 0.90000000596046459 -0.77777883410453785 0.47334541380405432 1.8869930505752566 0.37500000000000006 0.82640132308006298 0.026472804136574272 0.075000001117587103 0.25000000745058065 0.032942539080977447 0.33339714139867282 0.78395977616310131 0.91255110434292985 0.43556101977935308 0.058333335444331176 1.0163325667381289 -0.14285531640052793 0.97418031096458446 0.27500000596046453
decision_type=2 8 2 10 2 2 8 10 2 2 8 2 2 10 2 2 2 2 2 2 2 2 8 2 2 2 10 2 10 2
left_child=1 2 5 8 -5 6 -1 -8 9 10 15 27 22 -10 28 29 -7 -6 21 20 25 -15 23 -11 -24 26 -20 -2 -4 -3
right_child=11 3 14 4 17 16 7 -9 13 12 -12 -13 -14 18 -16 -17 -18 -19 19 -21 -22 -23 24 -25 -26 -27 -28 -29 -30 -31
leaf_value=-0.00042586554057005594 -0.00034262303355443355 -0.0061041861465238496 0 0.00080883357483684535 0.0056221177911033012 -0.0016578353410948558 0.012110318078909795 0.0022066773745774604 -0.0010507541323757155 -0.010081818359577818 -0.00020434915365920276 -0.0019222935363127297 -4.4719450639018346e-05 0.0045586653689349754 -0.0050991512685348954 -0.002030087034832118 0.00091053875785693673 -0.002538030704403416 0.007528655735262544 -0.00022144708823855437 -0.003247812752502455 0.00076657116439678933 -0.0062802047091780324 -0.00106387343948265 0.00014119681074275991 0.00062402031266272674 0.0018768224861710142 -0.0070155521637828818 0.0080532754211810175 -0.012655607023886038
leaf_weight=787 145 246 80 4740 1008 1562 425 374 6550 262 430 689 7143 529 55 208 5613 117 219 33607 511 9676 185 235 579 10782 1042 2005 662 303
leaf_count=787 145 246 80 4740 1008 1562 425 374 6550 262 430 689 7143 529 55 208 5613 117 219 33607 511 9676 185 235 579 10782 1042 2005 662 303
internal_value=6.9705e-06 0.000184603 0.00138216 3.78995e-05 0.00156971 0.000932605 0.00356075 0.00754562 -8.5337e-05 -0.00109213 -0.00506515 -0.00547521 -0.000524484 6.73598e-05 0.0062538 -0.00775637 0.000344282 0.00472756 0.000198193 2.68049e-05 0.000695321 0.00096847 -0.00320033 -0.0059289 -0.00135454 0.000867041 0.00290319 -0.00658913 0.00716836 -0.00982734
internal_weight=90769 87930 9558 78372 5865 8761 1586 799 72507 9591 1187 2839 8404 62916 797 757 7175 1125 56366 46161 12554 10205 1261 497 764 12043 1261 2150 742 549
internal_count=90769 87930 9558 78372 5865 8761 1586 799 72507 9591 1187 2839 8404 62916 797 757 7175 1125 56366 46161 12554 10205 1261 497 764 12043 1261 2150 742 549
is_linear=0
shrinkage=0.05


Tree=6
num_leaves=31
num_cat=0
split_feature=1 57 48 100 82 81 81 82 158 0 32 89 62 11 10 73 54 84 157 30 86 92 86 38 40 5 124 160 81 11
split_gain=33.6768 6.37049 9.05641 6.3086 7.51708 5.67763 10.8825 14.9247 7.85452 4.44194 3.34195 3.28437 2.88255 4.24668 2.8092 2.58264 2.5615 2.42303 2.32346 2.24602 2.02418 1.97126 1.88555 1.8618 1.85349 1.81382 2.18335 2.91316 1.8001 1.70477
threshold=0.13785236328840259 1.2464840412139895 0.92838227748870861 0.47499999403953558 0.058333335444331176 0.21666666865348819 0.25000000745058065 0.025000001303851608 0.37426077791657242 -0.062028249725699418 0.0032790026161819701 0.50684100389480602 0.83817577362060558 0.96463671326637279 1.0177129507064822 0.90000000596046459 1.1047720313072207 0.55000001192092907 -0.018269677646458145 0.013359716627746822 -0.45000000298023218 0.24635956436395648 -1.0000000180025095e-35 -0.00059535942273214449 -0.068542521446943269 0.021677992306649688 0.43493232131004339 0.81315600332296134 0.68333333730697643 0.99691566824913036
decision_type=2 2 2 2 2 2 2 2 2 2 10 8 2 2 2 2 2 2 10 10 2 8 2 10 10 2 10 2 2 2
left_child=1 5 17 9 16 8 7 14 12 -4 -8 -10 13 19 -7 -2 28 20 -6 -1 -3 -15 -11 -12 -24 26 -13 -28 -5 -9
right_child=15 2 3 4 18 6 10 29 11 22 23 25 -14 21 -16 -17 -18 -19 -20 -21 -22 -23 24 -25 -26 -27 27 -29 -30 -31
leaf_value=0.0031279590040358901 -0.0070622871051475265 0 0.0058767517200581966 0.012369937247703954 0.0040312246824332643 -0.0035677156287759366 4.1231896516233957e-05 -0.00069895643876629644 0.00079342119778121566 0.0012066749953758922 -0.0019572125161448715 -0.00031490962244318097 0.00096740810032823151 0.00017407453492735765 -0.011003609895173766 -0.0026287574280553102 0.0025729910693655256 0.0042803955860342951 0.00036199515088708683 -0.0037360454932707865 -0.0026650430212245271 0.0079876927374170036 -0.0036813551105697377 -0.0003770102628988721 0.00071216292295897901 -0.0015927997607934918 0.0045793392603339939 0.00032576702200130684 0 -0.0047001025280665742
leaf_weight=532 1718 1359 469 381 1231 192 33544 2104 14614 4657 3548 11158 936 106 585 457 124 193 713 147 1564 709 426 4130 515 2163 546 1642 36 314
leaf_count=532 1718 1359 469 381 1231 192 33544 2104 14614 4657 3548 11158 936 106 585 457 124 193 713 147 1564 709 426 4130 515 2163 546 1642 36 314
internal_value=-9.58944e-06 0.000140719 0.00122945 0.00207222 0.0042017 -2.36877e-05 -0.000391935 -0.00320354 0.000477229 0.00119122 -0.00017273 0.000254783 0.00321292 0.00458472 -0.00923738 -0.00615535 0.00944741 -0.00106746 0.00271205 0.0015651 -0.00143901 0.00703418 0.000788753 -0.00111389 -0.00122554 -0.000249566 -2.8017e-05 0.00141166 0.0113609 -0.00124094
internal_weight=90813 88638 11668 8552 2485 76970 44417 3195 32553 6067 41222 30123 2430 1494 777 2175 541 3116 1944 679 2923 815 5598 7678 941 15509 13346 2188 417 2418
internal_count=90813 88638 11668 8552 2485 76970 44417 3195 32553 6067 41222 30123 2430 1494 777 2175 541 3116 1944 679 2923 815 5598 7678 941 15509 13346 2188 417 2418
is_linear=0
shrinkage=0.05


Tree=7
num_leaves=31
num_cat=0
split_feature=1 32 39 81 81 82 158 82 53 19 162 26 26 37 5 159 159 17 117 81 7 36 124 160 159 37 1 24 25 40
split_gain=29.2872 4.85011 7.31323 5.58718 10.4965 13.142 7.59506 5.03975 6.13976 5.44784 3.76754 3.25896 3.10619 2.99704 3.68545 2.89876 2.74955 2.46631 2.24024 2.13346 2.06943 2.0531 2.03856 3.22389 1.94676 3.4721 1.97406 1.90424 1.88822 1.86236
threshold=0.12535332143306735 -0.0044200529810041181 -0.004298826213926076 0.21666666865348819 0.25000000745058065 0.025000001303851608 0.39237283618117208 0.058333335444331176 1.1601572632789614 1.0391680598258974 0.86484085532357513 0.17079202085733416 0.078560747206211104 0.77300071716308605 0.024956103414297107 0.90476776340457454 0.90476776340457454 0.78965985774993908 0.63064831495285045 0.58333334326744091 0.016778551042079929 0.76882353425025951 0.26462380588054663 0.79350404261133922 0.81958259461285321 0.86641010642051708 0.066380191594362273 0.043203953653573997 0.09966015070676805 -0.046008717268705361
decision_type=2 8 10 2 2 2 2 2 2 2 2 10 10 10 2 2 2 10 10 2 2 10 10 2 2 10 2 8 10 10
left_child=1 2 7 6 5 16 13 9 28 12 27 -10 -1 21 15 -15 -5 19 -16 24 22 -3 -8 -24 25 -6 -27 -2 -9 -4
right_child=10 3 29 4 17 -7 20 8 11 -11 -12 -13 -14 14 18 -17 -18 -19 -20 -21 -22 -23 23 -25 -26 26 -28 -29 -30 -31
leaf_value=0 -0.00044506756048098112 0.00043497423866218287 -0.0017434710896335349 -0.010006059960812799 -0.0040069401757258562 -0.0012303320699283277 0.00028710287718799955 0.0015413800896765043 0.0079517946987479517 0.0010522513565489025 -0.002122837759218683 -0.0033895693134664649 0.010880069809000557 0.0085038694565771952 0.0039141980864603639 -0.0011752955951319737 -0.0011405545360464444 4.2468384740243903e-05 -0.0043744501002829497 0.00015648644233939507 -0.00036510626644633832 0.0046142841078165957 0.0030714771537073185 0.00042535236585235079 -0.00093433555725862 0.011640893935942462 -0.0019664831366389989 -0.006659006785837098 -0.0015667004032647643 0.00043789601017635017
leaf_weight=72 151 1060 1182 665 1239 2333 15689 2843 516 346 850 65 447 618 229 78 116 34937 122 2459 8225 424 1909 3033 2966 57 39 1827 574 5620
leaf_count=72 151 1060 1182 665 1239 2333 15689 2843 516 346 850 65 447 618 229 78 116 34937 122 2459 8225 424 1909 3033 2966 57 39 1827 574 5620
internal_value=6.15904e-06 0.000167935 0.00111743 2.19101e-05 -0.000335728 -0.00313614 0.000534094 0.00259807 0.00183051 0.00608177 -0.00500065 0.00659341 0.00933015 0.00316186 0.00523211 0.00734727 -0.00875637 -0.000125319 0.000886955 -0.00099975 0.000301775 0.00166504 0.00057007 0.00145803 -0.00167231 -0.00327252 0.00563415 -0.00621037 0.00100434 5.12843e-05
internal_weight=90691 87863 11665 76198 44811 3114 31387 4863 3998 865 2828 581 519 2531 1047 696 781 41697 351 6760 28856 1484 20631 4942 4301 1335 96 1978 3417 6802
internal_count=90691 87863 11665 76198 44811 3114 31387 4863 3998 865 2828 581 519 2531 1047 696 781 41697 351 6760 28856 1484 20631 4942 4301 1335 96 1978 3417 6802
is_linear=0
shrinkage=0.05


Tree=8
num_leaves=31
num_cat=0
split_feature=1 89 27 25 158 57 139 116 5 17 81 159 81 8 29 114 53 36 17 0 82 160 80 40 158 5 27 39 162 55
split_gain=26.8733 5.91387 4.86293 5.26677 4.53248 3.42449 3.23545 2.99002 2.9105 2.81686 2.80626 2.726 2.49814 2.748 2.44244 2.32253 2.29981 2.14435 2.06018 2.04213 2.0076 1.95114 1.89011 1.8646 1.80883 2.2739 1.79868 1.70135 1.66547 1.57524
threshold=0.12535332143306735 0.46493268013000494 0.12017774209380151 0.088821507990360274 0.49329093528458251 1.3861803412437441 0.84619471430778515 0.67926800251007091 0.031102173961699012 0.74410033226013195 0.18333333730697635 0.76708097014101917 0.31666667759418493 -0.74024075269699086 -0.0058292171452194444 0.71746617555618297 1.2239714264869692 0.71457821130752575 0.65373903512954723 -0.071069378405809389 0.12500000372529033 0.78968055937958892 0.075000001117587103 -0.074587859213352189 0.30933010971492647 0.022018349729478363 0.18800223618745807 -0.043672570958733552 0.5668583577159948 1.2770664095878603
decision_type=2 8 10 10 2 2 8 10 2 10 2 2 2 2 10 8 2 10 8 2 2 2 2 10 2 2 10 10 2 2
left_child=1 2 7 4 14 -6 -2 18 17 10 24 -9 13 -12 -4 16 -11 19 -1 -5 -7 -17 -20 -21 25 -3 -16 -22 -8 -26
right_child=6 9 3 8 5 20 28 11 -10 15 12 -13 -14 -15 26 21 -18 -19 22 23 27 -23 -24 -25 29 -27 -28 -29 -30 -31
leaf_value=-0.003938391144410326 -0.0061441712358542636 0.0067105839993000793 0.0017390194121079232 0.0035025105720370812 0.0010421519132017133 0.0094641697421875073 -0.0053108991487302807 0.0046515878528510923 -0.0026250156631427513 -0.00021980847683307657 -0.0085705708592142878 0.00064435099699851534 -0.0010715844218256614 -0.0026400950279657615 0.0049033082437123614 0.0026754178812463045 0.0055515406604414149 0.0019303628322235166 0.0011197518417171517 -0.0031677932629526335 0.0065500959982585554 0.00036738745984281302 9.3057264821132058e-06 0.00013054950954563316 -0.00064046557218610405 -0.0016029916408966992 0.010213343318999266 0.0015284305372864095 -0.0010982827657821308 0.0059315329027848085
leaf_weight=304 1725 200 496 292 4425 167 377 713 765 31420 253 1135 2454 1102 795 1277 172 1954 4570 637 267 3476 24294 1224 4223 125 236 563 732 91
leaf_count=304 1725 200 496 292 4425 167 377 713 765 31420 253 1135 2454 1102 795 1277 172 1954 4570 637 267 3476 24294 1224 4223 125 236 563 732 91
internal_value=2.2474e-05 0.000178025 0.000598361 0.0014622 0.00234646 0.00165407 -0.00476804 0.000267482 0.000190479 -0.000222844 -0.00104539 0.00221915 -0.00205241 -0.00378979 0.00476956 -3.02535e-05 -0.000186629 0.000727596 0.000142043 -0.000341176 0.00431607 0.000998441 0.000186886 -0.000972679 -0.000207495 0.00336457 0.00617596 0.00320994 -0.00257888 -0.000488905
internal_weight=90464 87630 42837 11821 6949 5422 2834 31016 4872 44793 8448 1848 3809 1355 1527 36345 31592 4107 29168 2153 997 4753 28864 1861 4639 325 1031 830 1109 4314
internal_count=90464 87630 42837 11821 6949 5422 2834 31016 4872 44793 8448 1848 3809 1355 1527 36345 31592 4107 29168 2153 997 4753 28864 1861 4639 325 1031 830 1109 4314
is_linear=0
shrinkage=0.05


Tree=9
num_leaves=31
num_cat=0
split_feature=1 89 39 57 25 141 124 32 18 6 42 80 87 38 126 16 1 160 64 17 124 160 38 158 11 38 40 34 132 158
split_gain=24.5578 5.58652 4.02688 8.50758 4.91826 3.28305 3.15558 2.90136 3.05438 2.79085 2.58427 2.504 2.35739 2.1817 2.48526 2.022 3.0146 1.85361 1.82758 1.8026 1.75348 1.8301 1.66542 1.71048 1.54852 1.52338 1.46142 1.31892 1.31299 1.28802
threshold=0.13043481856584552 0.49460037052631384 -0.0063558558467775575 1.329002380371094 0.10666223987936975 1.1305492520332339 -0.1917612627148628 0.0018517357530072334 1.1348635554313662 0.34751340746879583 -0.09795705601572989 0.075000001117587103 0.85833334922790538 -0.016064930707216259 0.39946122467517858 0.86278092861175548 0.074846666306257262 0.69699969875293788 0.34166666865348821 0.53550803661346447 0.35654991865158087 0.46838886215601055 0.0079775443300604838 0.43443385592304878 0.95239010453224193 -0.021205021068453785 -0.056249925866723054 0.84384536743164074 1.3424704670906069 0.49329093528458251
decision_type=2 8 10 2 10 10 10 8 2 2 8 2 2 10 10 10 2 2 2 8 10 2 8 2 2 10 10 10 2 2
left_child=1 2 3 11 5 18 -4 8 20 10 -2 25 15 19 -15 16 17 -13 -5 -9 22 27 23 -3 -14 -1 -8 -22 -26 -27
right_child=9 7 6 4 -6 -7 26 13 -10 -11 -12 12 24 14 -16 -17 -18 -19 -20 -21 21 -23 -24 -25 28 29 -28 -29 -30 -31
leaf_value=-0.00088265247853703058 -0.0056963601202815982 -0.0020742858750571361 -0.00045996202090393631 0.0056747325068938065 -0.00024775163615462805 0.0019075435693293387 -0.0028778591671832312 -0.0067387989501307248 0.0066171338346636844 -0.0066360184702531069 -0.0010114909797361909 0.0047771099102281792 -0.005426589183818168 -0.00072377484165848341 0.001575490470141151 0.00028146021165977367 -0.00182941460137879 0.0012402708463778072 0.010751489288401422 -0.0016957996150072921 0.0018775512026081743 0.00056609900112542422 0.00060443136127198282 -0.00027644329758740076 0.00027777428176054513 0.0038704578439729092 0.00071504071398382693 0.0085397279921919107 -0.0040859305368070864 0.0015777711354266932
leaf_weight=445 561 1491 12552 800 471 483 283 200 176 1234 686 781 238 14125 1269 10203 387 798 277 2421 255 4742 4826 12908 656 860 13404 124 225 2721
leaf_count=445 561 1491 12552 800 471 483 283 200 176 1234 686 781 238 14125 1269 10203 387 798 277 2421 255 4742 4826 12908 656 860 13404 124 225 2721
internal_value=-6.61155e-06 0.000130986 0.000515939 0.00106354 0.00412928 0.00548214 0.000110286 -0.00028037 7.17085e-05 -0.00491206 -0.00316206 0.000700809 0.000365039 -0.000762372 -0.000530898 0.000570163 0.00204213 0.00302321 0.0070356 -0.00210211 2.20674e-05 0.000845983 -0.000194833 -0.000466211 -0.00181953 0.00179625 0.000636894 0.00420558 -0.000783359 0.00214326
internal_weight=90602 88121 45584 19345 2031 1560 26239 42537 24522 2481 1247 17314 13288 18015 15394 12169 1966 1579 1077 2621 24346 5121 19225 14399 1119 4026 13687 379 881 3581
internal_count=90602 88121 45584 19345 2031 1560 26239 42537 24522 2481 1247 17314 13288 18015 15394 12169 1966 1579 1077 2621 24346 5121 19225 14399 1119 4026 13687 379 881 3581
is_linear=0
shrinkage=0.05


Tree=10
num_leaves=31
num_cat=0
split_feature=1 89 79 16 53 56 77 162 53 81 28 32 158 82 158 77 32 69 144 35 152 119 102 12 158 26 44 160 159 158
split_gain=21.4892 5.12437 4.23411 11.8022 4.37622 3.48521 3.43866 3.28211 3.23691 3.27612 2.76652 2.53733 2.34503 2.20441 3.08645 2.34042 2.0938 1.92583 1.78195 1.69796 1.69181 1.8516 1.65255 1.6523 1.48026 1.43867 1.36563 1.34164 1.26175 1.25846
threshold=0.12111108377575876 0.53139176964759838 0.45000000298023229 1.3521531224250796 1.1905371546745303 1.3000551462173464 0.42499999701976782 0.87322827615455023 1.0876548290252688 0.15000000596046451 -0.007382866693660616 -0.0029109631432220335 0.48257315371367965 0.025000001303851608 0.41408187242862943 0.10833333432674409 0.0022384460316970949 0.1853279918432236 0.44775938987731939 0.60261061787605297 0.49327164888381964 0.2499998137354851 0.55833333730697643 1.0052257776260378 0.34476371549802426 0.073109067976474776 1.0932256579399111 0.71027973915079257 0.68192338708477551 0.32203623289909888
decision_type=2 8 2 10 2 2 2 2 2 2 10 10 2 2 2 2 8 2 10 10 10 10 2 2 2 10 2 2 2 2
left_child=1 2 3 8 10 19 -6 16 9 12 11 -4 -1 14 15 -3 -2 -13 -12 -5 26 27 28 -24 -19 -14 29 -22 -16 -15
right_child=7 13 4 5 6 -7 -8 -9 -10 -11 18 17 25 20 22 -17 -18 24 -20 -21 21 -23 23 -25 -26 -27 -28 -29 -30 -31
leaf_value=0.0037946137759763219 -0.0019511811526435269 -0.00058110576159378982 0.0017641991808777921 0.010505551426402422 0.0074792253793361536 0.00058106271545901639 -0.00041080982663026174 -0.0015490624529042509 -0.0025614036215022263 0.00042418418045211509 -0.001059625175102059 -0.00033931336931294041 0.00061366215455947335 0.0031575109216957584 -0.0012562854407605205 -0.0075352009427404297 -0.0058923692750658188 0.0037251652177693302 1.5064504739066508e-05 0.00014594991649077697 0.0047816560986051523 3.1141070995343406e-05 -0.00089515677136010451 -0.0050152392350857906 0.000678558887503547 0.0023630359151415193 -0.001232699927313029 0.00095436412220539345 0.00062943315620350758 -0.00030067829984847328
leaf_weight=1289 469 219 3273 467 354 153 207 992 669 10666 6473 6707 2880 268 1719 325 1768 468 9321 54 334 18103 671 419 3278 2116 4908 885 1797 9256
leaf_count=1289 469 219 3273 467 354 153 207 992 669 10666 6473 6707 2880 268 1719 325 1768 468 9321 54 334 18103 671 419 3278 2116 4908 885 1797 9256
internal_value=-1.28606e-05 0.000134795 0.000478757 0.00107889 0.000112096 0.00757646 0.00448341 -0.00401823 0.000827092 0.000963918 2.71803e-05 0.000547969 0.00187171 -0.00029162 -0.00125633 -0.00483361 -0.00508966 0.000162233 -0.000422259 0.00952993 -0.000142916 0.00016101 -0.000822018 -0.00252791 0.00107342 0.00136492 -0.000553269 0.00204707 -0.000278388 -0.000197796
internal_weight=90508 87279 48375 18294 30081 674 561 3229 17620 16951 29520 13726 6285 38904 5150 544 2237 10453 15794 521 33754 19322 4606 1090 3746 4996 14432 1219 3516 9524
internal_count=90508 87279 48375 18294 30081 674 561 3229 17620 16951 29520 13726 6285 38904 5150 544 2237 10453 15794 521 33754 19322 4606 1090 3746 4996 14432 1219 3516 9524
is_linear=0
shrinkage=0.05


Tree=11
num_leaves=31
num_cat=0
split_feature=1 152 16 56 58 116 159 79 142 38 160 52 72 50 11 9 25 162 106 91 28 82 12 58 17 32 67 80 159 82
split_gain=19.7504 3.9957 5.95011 7.06596 4.08411 3.35161 3.55262 2.39971 3.22105 3.20922 3.54516 2.91825 2.85517 2.459 2.18394 2.13808 2.12948 2.11917 2.0143 2.01196 1.94024 1.74061 1.76105 1.68155 1.48833 1.47087 1.4641 1.4726 1.50641 3.01658
threshold=0.13785236328840259 0.51085945963859569 1.3109498620033266 1.1717621088027956 1.0424644351005556 0.69080266356468212 0.54851801526096822 0.45000000298023229 0.80640169978141796 -0.0050091706216335288 0.42949311824963871 0.66627320647239696 0.66944691538810741 0.79090362787246715 0.96369543671607982 1.0710268616676333 0.14468673616647723 0.89587777369270272 0.48333333432674414 0.53990569710731517 -0.051713250577449792 0.20833333581686023 1.0092795491218569 0.99156111478805553 1.2275903224945071 0.0056800476741045722 0.016807910054922107 0.075000001117587103 0.69764924849864063 0.025000001303851608
decision_type=2 10 10 2 2 10 2 2 8 10 2 2 2 2 2 2 10 2 2 8 8 2 2 2 8 10 2 2 2 2
left_child=1 5 4 -4 19 7 -7 8 18 11 12 -10 -11 -9 -14 26 -8 -2 -1 -3 -17 22 -21 -5 -6 -16 -15 -28 29 -29
right_child=17 2 3 23 24 6 16 13 9 10 -12 -13 14 15 25 20 -18 -19 -20 21 -22 -23 -24 -25 -26 -27 27 28 -30 -31
leaf_value=0.0016356410029562968 -0.0056370800051162356 0.0007079968831811864 0.0080362300302669557 0 0 0.004529187200679758 0.00096722007862647282 -0.0022062724389287354 -0.0026205031686660682 0.0011644465721049543 0.00014346683735037231 -0.00022278485677682187 -0.00064539236878907247 0.001043961933438034 0.0040292415888231225 0.0072917405452819608 -0.0033021425023316482 -0.0017475587545428427 0.00906690830619899 -0.00067480288858276114 0.00086648537370203618 0.00017939781071466286 -0.0039213481273793717 0.0028086613187207898 0.0061330810072269424 0.0096424515204618904 0.00023652291560849774 -0.0029650077354689058 -0.00018421971921832027 -0.00072664115548329473
leaf_weight=271 1636 12210 535 930 141 688 3467 1937 1594 2316 12163 6512 134 1579 390 154 314 499 156 2584 595 7312 514 1176 413 210 5360 1722 9850 13274
leaf_count=271 1636 12210 535 930 141 688 3467 1937 1594 2316 12163 6512 134 1579 390 154 314 499 156 2584 595 7312 514 1176 413 210 5360 1722 9850 13274
internal_value=-1.18047e-06 0.000112932 0.000636717 0.00288772 0.000377912 -0.00010198 0.00121583 -0.000204019 0.000181232 0.000100142 0.000530171 -0.000700715 0.00205535 -0.000470854 0.00479301 -0.000365929 0.000598663 -0.00475266 0.00448224 0.000271581 0.00226219 -0.000235513 -0.00123067 0.00155289 0.00462107 0.00608983 -0.000429502 -0.000508214 -0.000670891 -0.000987189
internal_weight=90636 88501 25815 2641 23174 62686 4469 58217 23746 23319 15213 8106 3050 34471 734 32534 3781 2135 427 22620 749 10410 3098 2106 554 600 31785 30206 24846 14996
internal_count=90636 88501 25815 2641 23174 62686 4469 58217 23746 23319 15213 8106 3050 34471 734 32534 3781 2135 427 22620 749 10410 3098 2106 554 600 31785 30206 24846 14996
is_linear=0
shrinkage=0.05


Tree=12
num_leaves=31
num_cat=0
split_feature=1 79 16 25 0 53 44 160 16 1 87 52 51 40 12 92 17 142 69 38 162 32 28 126 28 158 34 16 13 80
split_gain=18.3618 3.9538 9.47676 5.15549 5.00888 4.65419 3.32333 3.33681 7.11899 3.7855 3.12926 2.65249 2.63361 2.43607 2.29402 4.45754 3.65936 2.2448 2.23859 1.75751 1.745 1.68785 1.60655 1.54296 1.51749 2.7499 1.73579 1.84821 1.79457 1.50391
threshold=0.12111108377575876 0.45000000298023229 1.4102833271026614 0.098389051854610457 -0.062028249725699418 1.1601572632789614 1.1319166421890261 0.69699969875293788 0.91000762581825267 0.074126083403825774 -0.29166667163372034 0.73601573705673229 0.92134743928909313 -0.040524965152144425 1.0150965452194216 0.51580834388732921 0.80544081330299389 0.80640169978141796 0.75576752424240123 0.0028355679241940383 0.58063988519210286 0.0072783550713211307 -0.030624748207628723 0.38213986158370977 -0.0048209875822067252 0.43443385592304878 0.46121957898139959 1.3363880515098574 1.1086115241050722 0.075000001117587103
decision_type=2 2 10 8 2 2 2 2 10 2 2 2 2 10 2 10 8 8 2 10 2 10 10 10 10 2 10 10 10 2
left_child=1 2 6 12 5 -3 7 8 9 11 22 21 -4 -2 23 16 -16 -9 -10 -8 -15 -1 -6 24 26 -26 27 29 -29 -12
right_child=13 4 3 -5 10 -7 19 17 18 -11 14 -13 -14 20 15 -17 -18 -19 -20 -21 -22 -23 -24 -25 25 -27 -28 28 -30 -31
leaf_value=0.0039992260507610211 -0.0052844961075859528 0.00039792533855023205 0.010076218380074302 -0.0010197297931566986 0.002214997713576129 0.0062221042027174912 -0.0017858962906463723 0.0053571518690389876 7.5951922407474124e-05 -0.0010252163529242497 0.0016749075722035751 0.0021007493911133521 0.0012444876001624406 -0.0045362545673057189 -0.0073197644327954257 0 -0.0020411012105465073 5.0540066621012174e-05 0.0021975305079719571 0.00050030963409004869 -0.0011269356114532282 0.0080966566337655043 0.00023103468818855895 0.0018022060504816265 -0.0026862901288000657 -0.00052600641273350924 -0.00046684052981204455 0.007138787996597902 -0.0011866459942411452 -0.00011090573220811696
leaf_weight=1435 1454 894 462 184 1119 577 2452 201 8322 531 1652 1965 120 626 473 1800 1220 17456 1473 1234 1077 349 12876 800 1666 13985 9958 201 81 3958
leaf_count=1435 1454 894 462 184 1119 577 2452 201 8322 531 1652 1965 120 626 473 1800 1220 17456 1473 1234 1077 349 12876 800 1666 13985 9958 201 81 3958
internal_value=-5.64695e-06 0.000129068 0.00052954 0.00603288 -0.000152651 0.0027191 0.000408938 0.00057502 0.00114966 0.00285246 -0.000238553 0.00341514 0.00834626 -0.00375174 -0.000487034 -0.00170784 -0.00354885 0.00011408 0.000400297 -0.00100703 -0.00241143 0.0048329 0.000393386 -0.000353421 -0.000409808 -0.000759313 -6.15096e-05 0.000615014 0.00457502 0.000406264
internal_weight=90601 87444 36184 766 51260 1471 35418 31732 14075 4280 49789 3749 582 3157 35794 3493 1693 17657 9795 3686 1703 1784 13995 32301 31501 15651 15850 5892 282 5610
internal_count=90601 87444 36184 766 51260 1471 35418 31732 14075 4280 49789 3749 582 3157 35794 3493 1693 17657 9795 3686 1703 1784 13995 32301 31501 15651 15850 5892 282 5610
is_linear=0
shrinkage=0.05


Tree=13
num_leaves=31
num_cat=0
split_feature=11 89 79 16 25 72 1 53 81 17 38 20 3 158 114 81 81 82 16 70 150 53 26 159 35 79 87 6 160 22
split_gain=16.8949 4.08864 3.85433 9.04385 3.65688 3.16278 3.53036 2.79623 2.78213 2.42475 2.39475 2.43495 2.16873 2.13402 1.90482 1.81009 2.02561 4.68086 1.72238 2.63235 1.69106 1.54054 2.15031 1.45537 3.11399 1.53042 1.37483 1.32113 1.31447 1.90933
threshold=0.89296352863311779 0.58830586075782787 0.45000000298023229 1.432964622974396 0.087051838636398329 0.07529627159237863 0.042307661846280105 1.0876548290252688 0.15000000596046451 0.72529873251914989 0.0039361629169434318 1.173757076263428 0.03198650851845742 0.33339714139867282 0.71746617555618297 0.21666666865348819 0.25000000745058065 0.025000001303851608 1.2389647960662844 0.57691374421119701 0.48982265591621404 1.1525650620460512 0.18534153699874881 0.72412159805700604 0.44657415151596075 0.45000000298023229 -0.29166667163372034 0.34459450840950018 0.45597363884153452 0.88288113474845897
decision_type=2 8 2 10 10 2 2 2 2 8 8 2 2 2 10 2 2 2 8 2 10 2 10 2 10 2 2 2 2 2
left_child=27 2 3 7 -5 6 -4 8 13 10 11 -3 15 -2 26 -7 17 -17 -10 -20 -16 -8 -23 24 25 -12 -11 -1 29 -15
right_child=1 9 5 4 -6 12 21 -9 18 14 23 -13 -14 28 20 16 -18 -19 19 -21 -22 22 -24 -25 -26 -27 -28 -29 -30 -31
leaf_value=-0.0029624330882344818 0.0042694921495668569 -0.0027025587154112319 2.2996874377443183e-05 0.0096106863015376666 0 0.00049329281752470428 0.0018611044551440582 -0.0020758870062198335 0.00026415164714770035 0.0003174964669997098 0.014313888423119873 0.010903061417775462 -0.0019855218788004335 0.0060631170451777138 0.00024259003243343917 -0.0085644339299543078 -0.00022839609396922472 -0.00044341236159350618 0.00090962316022600426 0.0081254628539743339 0.0025482188598659498 0.0060683203396846202 -0.0038824233192611825 -0.00057672562774891182 -0.0018231908325105906 0 -0.00052570144137301859 -0.005635329413111477 0.00093094490340479407 0.0016705969237864042
leaf_weight=991 725 2317 3102 412 137 9654 1851 828 11562 6386 69 31 1535 331 3380 245 15884 691 509 177 1065 491 54 1885 95 21 19160 1121 4742 1227
leaf_count=991 725 2317 3102 412 137 9654 1851 828 11562 6386 69 31 1535 331 3380 245 15884 691 509 177 1065 491 54 1885 95 21 19160 1121 4742 1227
internal_value=1.11223e-05 0.000117088 0.000388286 0.000925735 0.00726194 5.55516e-05 0.00115297 0.00074984 0.000873934 -0.000308301 -0.00140306 -0.00249708 -0.000158114 0.00166945 -0.000145323 -5.01991e-05 -0.000365125 -0.00262934 0.000413473 0.00285333 0.000806702 0.00259443 0.0049855 -0.000137367 0.00404956 0.0107499 -0.000312957 -0.0044068 0.00136168 0.00263916
internal_weight=90678 88566 54157 20650 549 33507 5498 20101 19273 34409 4418 2348 28009 7025 29991 26474 16820 936 12248 686 4445 2396 545 2070 185 90 25546 2112 6300 1558
internal_count=90678 88566 54157 20650 549 33507 5498 20101 19273 34409 4418 2348 28009 7025 29991 26474 16820 936 12248 686 4445 2396 545 2070 185 90 25546 2112 6300 1558
is_linear=0
shrinkage=0.05


Tree=14
num_leaves=31
num_cat=0
split_feature=1 38 17 92 159 9 33 29 46 114 32 11 158 11 82 31 17 159 8 92 17 81 161 15 142 25 82 161 15 130
split_gain=15.8383 3.52081 5.68602 4.50813 4.67748 4.1577 3.52276 3.20148 6.94794 3.00649 2.95275 7.03787 3.13723 2.72332 2.49636 2.30497 2.90196 3.72417 4.11701 2.80448 3.77225 2.23889 1.97438 2.64933 2.39835 1.96136 1.93707 1.89314 2.04238 1.78826
threshold=0.13785236328840259 0.0067068012431263932 0.65963563323020946 0.38310989737510687 0.95167219955988014 1.0710268616676333 0.74707764387130748 -0.0058292171452194444 1.5063260197639468 0.5800367295742036 0.0060171997174620637 0.97783517837524425 0.8317793530577634 0.96599167585372936 0.99166667461395275 0.004507240606471897 0.84444344043731701 0.80090551632625073 -0.55554887652397145 0.45977304875850683 0.65963563323020946 0.050000002607703216 0.372890343557161 0.9339101016521455 0.84930172562599193 0.086211711168289198 0.025000001303851608 0.29555579756058931 0.93539807200431835 0.82913410663604747
decision_type=2 10 8 10 2 2 10 10 2 10 10 2 2 2 2 10 10 2 2 10 10 2 2 8 10 10 2 2 8 2
left_child=1 2 3 4 26 9 -7 -3 10 14 -9 -12 -13 -11 15 16 17 18 19 20 -4 -5 24 -24 -15 -10 -1 -17 -29 -2
right_child=29 7 5 21 -6 6 -8 8 25 13 11 12 -14 22 -16 27 -18 -19 -20 -21 -22 -23 23 -25 -26 -27 -28 28 -30 -31
leaf_value=-0.011034349916464931 -0.0027162701855573887 -5.1680141583603274e-05 -0.0023213283388018651 0.0015034488193701049 -0.0014080456716713569 0.0004165201411789369 0.0053507454509223616 0.00059477297274373455 0.0095664517283640099 -0.0011269940296962304 0.001088256453563948 0.010845356937236737 0.00068864543760276369 0.0061045105129530633 0.0014312059033949806 -0.00021929126306072133 -0.00033531376823302093 -6.3792863496183589e-05 -0.0012111142987904085 -0.0019049071685608614 -0.0099870152737957449 -0.0017657645920545733 0.0038750110878333862 0.00098185205486808454 0.00019599132233702739 0.0012987067412873528 -0.0049066691549425213 0.003287176974432534 0.00028404112303157973 -0.0057270744680123593
leaf_weight=257 1109 11604 284 764 670 850 662 14007 301 2172 1631 320 114 175 1992 3313 25959 2187 1714 465 441 1596 995 4331 9053 114 360 1038 1334 1056
leaf_count=257 1109 11604 284 764 670 850 662 14007 301 2172 1631 320 114 175 1992 3313 25959 2187 1714 465 441 1596 995 4331 9053 114 360 1038 1334 1056
internal_value=1.38184e-05 0.000117517 -9.62268e-05 -0.00201008 -0.00439671 2.54566e-05 0.00261203 0.00058048 0.00102842 -4.4214e-05 0.000859713 0.00263146 0.00830012 0.000514906 -0.000286993 -0.000381562 -0.000551831 -0.00164575 -0.00281948 -0.00509112 -0.00706038 -0.00068606 0.000763435 0.00153236 0.000314108 0.00742409 -0.00755367 0.000539543 0.00162013 -0.00420987
internal_weight=90868 88703 60612 3647 1287 56965 1512 28091 16487 55453 16072 2065 434 16726 38727 36735 31050 5091 2904 1190 725 2360 14554 5326 9228 415 617 5685 2372 2165
internal_count=90868 88703 60612 3647 1287 56965 1512 28091 16487 55453 16072 2065 434 16726 38727 36735 31050 5091 2904 1190 725 2360 14554 5326 9228 415 617 5685 2372 2165
is_linear=0
shrinkage=0.05


Tree=15
num_leaves=31
num_cat=0
split_feature=1 77 82 158 53 37 158 16 45 82 8 92 5 147 79 32 32 80 81 58 61 141 78 162 12 5 80 162 92 160
split_gain=13.3982 3.43695 4.53109 7.30661 4.48815 3.98654 6.94097 3.36801 5.84457 3.50629 3.13307 3.07055 3.01483 2.52508 2.92763 2.42491 2.12317 1.98413 1.78949 1.64958 1.60182 1.53198 1.50574 1.4976 1.45639 1.44056 1.38799 1.36076 1.3516 1.3249
threshold=0.12111108377575876 0.35833333432674414 0.025000001303851608 0.43982146180105497 1.1905371546745303 0.80891188979148876 0.47013879835224393 1.2892321944236758 1.1754056811332705 0.10833333432674409 -0.80000177025794972 0.2856909185647965 0.020139173604547981 0.52183523774147045 0.25000000745058065 0.0027818985981866722 0.0048147959169000396 0.12500000372529033 0.58333334326744091 1.0369142889976504 0.85515129566192638 0.92451485991477977 0.90000000596046459 0.90123096775980926 0.99659153819084179 0.01937241014093161 0.22500000149011615 0.60558851844592287 0.0097630531527102011 0.47281550146803814
decision_type=2 2 2 2 2 10 2 10 2 2 2 10 2 10 2 10 10 2 2 2 2 10 2 2 2 2 2 2 10 2
left_child=1 4 3 11 7 13 12 17 9 -9 18 -3 16 14 22 27 -7 20 -5 -19 -1 -15 29 -17 -18 -8 -10 -2 -26 -4
right_child=15 2 5 10 -6 6 25 8 26 -11 -12 -13 -14 21 -16 23 24 19 -20 -21 -22 -23 -24 -25 28 -27 -28 -29 -30 -31
leaf_value=0.0024461490517504402 -0.0032781710577812033 -0.0093389302225531292 0.0024136612540162639 -0.0049260665430970654 0.0054045287929783761 0.0016585879309227826 0.00091716528243699377 0.0091985190231394509 -0.0022923913049665325 0.0020605930223153847 -0.00025459183337904213 -0.0028016430042113092 0.00095347953897939304 -0.0030994522408211572 -0.00020524204891591053 -0.0047042437213009221 0.0028544688315894177 -2.2104911952845349e-05 0.00020851111875035976 0.0030635812806547092 0.00060279663221520137 -0.00068166032876042486 -0.00027625576906468546 -0.0016965456152816347 -0.00086910478497409949 -0.0011478292012996126 0.00127659329031304 0.00088679347919040554 0.0098903700397912631 0.00078604594989436713
leaf_weight=1542 317 360 1674 622 467 204 3143 392 308 346 5106 419 402 737 26198 1804 140 20524 208 441 5572 7365 2344 615 22 1138 1931 483 450 5699
leaf_count=1542 317 360 1674 622 467 204 3143 392 308 346 5106 419 402 737 26198 1804 140 20524 208 441 5572 7365 2344 615 22 1138 1931 483 450 5699
internal_value=0 0.000116362 -0.000117197 -0.00133615 0.000534564 4.71229e-05 0.001317 0.000459551 0.00206114 0.00592699 -0.000728577 -0.00589493 0.00464915 -0.000110412 6.81698e-05 -0.00316754 0.00640521 0.000287899 -0.00358046 4.05609e-05 0.00100967 -0.000908121 0.000810406 -0.00396125 0.00790057 0.00035642 0.000762513 -0.000703184 0.00928238 0.00116265
internal_weight=90973 87754 56231 6715 31523 49516 5499 31056 2977 738 5936 779 1218 44017 35915 3219 816 28079 830 20965 7114 8102 9717 2419 612 4281 2239 800 472 7373
internal_count=90973 87754 56231 6715 31523 49516 5499 31056 2977 738 5936 779 1218 44017 35915 3219 816 28079 830 20965 7114 8102 9717 2419 612 4281 2239 800 472 7373
is_linear=0
shrinkage=0.05


Tree=16
num_leaves=31
num_cat=0
split_feature=11 89 32 39 81 81 17 92 158 17 76 87 59 38 139 62 46 114 161 41 159 24 158 159 159 17 152 92 36 25
split_gain=12.1273 3.74646 2.73934 5.01197 3.46221 4.13385 3.55278 3.11286 3.09259 2.28254 2.10402 2.28526 2.90269 1.95548 1.83828 1.75831 1.701 1.66772 1.63877 1.47945 1.45208 1.5496 1.41951 1.31199 1.28947 1.60127 1.21608 1.21576 1.19008 1.37656
threshold=0.89923262596130382 0.58081579208374035 -0.0052938591688871375 -0.0040240830276161424 0.21666666865348819 0.25000000745058065 0.83982810378074657 0.41291674971580511 0.40726604647211256 0.72176364064216625 0.28333334624767309 -0.15833333879709241 1.0006939172744753 -0.0058047361671924582 0.86680373549461376 0.83636361360549938 1.4595353603363039 0.73261037468910228 0.49415723046555698 -0.06742676347494124 0.90476776340457454 0.063629873096942915 0.44430294136892029 0.86381678692835695 0.2569575989468193 1.0581513047218325 0.51453271508216869 0.63088983297348034 0.40435287356376654 0.07300205156207086
decision_type=2 8 10 10 2 2 10 10 2 8 2 2 2 10 8 2 2 10 2 10 2 10 2 2 2 10 10 10 10 10
left_child=14 2 3 10 8 6 7 23 15 13 11 19 -13 27 -1 20 -12 -11 -19 -2 21 -4 -7 -6 25 -8 -21 -3 29 -5
right_child=1 9 4 28 5 22 24 -9 -10 17 16 12 -14 -15 -16 -17 -18 18 -20 26 -22 -23 -24 -25 -26 -27 -28 -29 -30 -31
leaf_value=-0.0044354646634353614 0.0058614953252912232 -0.0042282801370473813 0.0050917851455125201 0.0010256969339251967 -0.0096563737474579352 -0.0011147600468029389 -0.0085375333410609364 -0.00083915090730147233 0.00055036090210542872 -0.00027337065658149159 0.0018967904155177595 0.0095785949819248654 0.0026898423395683856 -0.00051809050436238803 -0.0014162662036135434 0.00075176765821369229 -0.0039104071707516813 0.00039209687631601935 0.0033285097287541632 5.3524944740069335e-05 -0.0014637916361714496 -0.00081612194250655279 0.00016802963746438091 -0.0030064880625603908 0.00042912110457364415 -9.728986665206135e-05 0.0034242023054373151 -0.0013680429467083366 0.00077069368469715697 -0.0023564796201565766
leaf_weight=1632 282 759 966 456 308 2362 100 282 16336 26753 548 333 332 2752 813 788 160 3375 565 601 101 109 24270 132 784 155 531 869 2651 802
leaf_count=1632 282 759 966 456 308 2362 100 282 16336 26753 548 333 332 2752 813 788 160 3375 565 601 101 109 24270 132 784 155 531 869 2651 802
internal_value=1.93505e-05 0.000115925 0.000380056 0.00132743 0.000243101 -0.000100997 -0.00244709 -0.00514684 0.000779688 -0.000284715 0.00294815 0.00375369 0.00622368 -0.00135357 -0.00345297 0.00266047 0.000510243 -0.000130517 0.000826606 0.00255315 0.00389522 0.00444608 5.23437e-05 -0.00778613 -0.000519815 -0.00362292 0.0016804 -0.002734 0.000158662 -0.00109095
internal_weight=90907 88462 53389 6696 46693 28393 1761 722 18300 35073 2787 2079 665 4380 2445 1964 708 30693 3940 1414 1176 1075 26632 440 1039 255 1132 1628 3909 1258
internal_count=90907 88462 53389 6696 46693 28393 1761 722 18300 35073 2787 2079 665 4380 2445 1964 708 30693 3940 1414 1176 1075 26632 440 1039 255 1132 1628 3909 1258
is_linear=0
shrinkage=0.05


Tree=17
num_leaves=31
num_cat=0
split_feature=1 89 39 57 25 17 38 142 114 18 119 160 1 72 34 38 92 17 159 2 17 16 56 49 87 0 24 38 142 121
split_gain=11.3622 3.40641 2.40974 4.10209 2.59769 2.27048 2.62558 2.11583 2.07589 1.96852 2.15239 2.01696 2.6235 2.55745 2.14106 2.01472 2.68589 2.98466 2.72033 2.58712 1.84573 1.78996 2.23257 1.73787 2.05076 1.73718 1.6484 1.6407 1.62171 1.48253
threshold=0.13785236328840259 0.40538659691810613 -0.0063558558467775575 1.3388816714286806 0.10523260384798051 0.59424221515655529 -0.00013020911137573418 1.0404824614524844 0.45703148841857916 1.1198952198028567 0.41754209995269781 0.71459572342117339 0.071073744446039214 0.7846142351627351 0.85760131478309642 0.0019138584029860797 0.6529739797115327 0.84444344043731701 0.85524386173197309 -0.42647169530391688 0.60299912095069896 1.3109498620033266 1.1746724843978884 0.97704729437828075 0.90833333134651195 -0.058425070717930787 0.063629873096942915 -0.032744647935032838 0.91882112622261058 0.42060968279838568
decision_type=2 8 10 2 10 8 10 10 10 2 8 2 2 2 10 10 10 10 2 2 10 10 2 2 2 2 10 10 10 10
left_child=1 2 3 23 7 6 -3 -5 -4 10 11 12 13 14 -7 16 17 18 19 20 -12 -17 -23 24 27 -11 -2 -1 -29 -22
right_child=26 5 8 4 -6 9 -8 -9 -10 25 15 -13 -14 -15 -16 21 -18 -19 -20 -21 29 22 -24 -25 -26 -27 -28 28 -30 -31
leaf_value=-0.0025849094506445918 -0.00025434195796819137 -0.0039217637947167134 -0.00029025057824212094 0.0070314233089154151 -7.2400077380778554e-05 0.00067306693047979884 -0.00013287141482088864 0.0026592585762006639 0.00069154540196509978 0.0057298206555208677 -0.0024021813166642263 -4.3009924961601087e-05 -0.0017072921015743496 0.0040715245673445906 0.0061098049920744815 -0.00012818820373421491 0 -0.00081195209061412472 -0.00058022968106940186 -0.0022036205685716554 -0.00013689351449641638 0.0064243453831287481 0.00074854651736674233 -6.452369256990196e-05 -0.0016228361998227971 -0.00037874438237243643 -0.0041864995305211103 0.0037733993838728976 0.0011662939610359857 -0.0096464216144431236
leaf_weight=260 345 858 13233 485 414 3398 1039 786 9044 269 210 12307 686 848 194 13284 6343 7115 838 781 58 226 856 5459 651 179 1807 669 7798 381
leaf_count=260 345 858 13233 485 414 3398 1039 786 9044 269 210 12307 686 848 194 13284 6343 7115 838 781 58 226 856 5459 651 179 1807 669 7798 381
internal_value=8.61142e-06 9.63043e-05 0.000448015 0.000905956 0.00325033 -0.000176328 -0.00187407 0.00437115 0.000106107 -0.000108115 -0.000140251 0.000300196 0.0011338 0.0015843 0.000982234 -0.000397075 -0.000788201 -0.00132542 -0.00291314 -0.00424396 -0.00661518 2.76224e-05 0.00198507 0.000636141 0.0010493 0.00318236 -0.00357975 0.00125452 0.00137861 -0.00850684
internal_weight=90821 88669 38799 16522 1685 49870 1897 1271 22277 47973 47525 17433 5126 4440 3592 30092 15726 9383 2268 1430 649 14366 1082 14837 9378 448 2152 8727 8467 439
internal_count=90821 88669 38799 16522 1685 49870 1897 1271 22277 47973 47525 17433 5126 4440 3592 30092 15726 9383 2268 1430 649 14366 1082 14837 9378 448 2152 8727 8467 439
is_linear=0
shrinkage=0.05


end of trees

feature_importances:
feature_IMIN60=26
feature_IMIN30=25
feature_KLEN=24
feature_ROC60=23
momentum_60=23
amount_20=22
feature_BETA60=14
feature_STD20=13
feature_RESI5=13
price_vs_ma20=13
feature_ROC30=12
feature_QTLU5=12
feature_IMIN20=12
feature_IMIN10=10
feature_CORR60=10
feature_KLOW=9
feature_KSFT2=9
feature_LOW0=9
feature_CORR10=9
feature_WVMA60=9
reversal_20=9
feature_IMXD60=8
volatility_20=8
feature_KMID=7
feature_VWAP0=7
feature_BETA5=7
feature_QTLU60=7
feature_VSUMN60=7
feature_SUMP10=6
feature_SUMD10=6
feature_STD10=5
feature_BETA10=5
feature_RSQR60=5
feature_RESI10=5
feature_RESI20=5
feature_MAX10=5
feature_MIN60=5
feature_SUMN30=5
feature_OPEN0=4
feature_STD30=4
feature_STD60=4
feature_MAX30=4
feature_QTLU30=4
feature_QTLD5=4
feature_IMXD30=4
feature_SUMD30=4
feature_KLOW2=3
feature_ROC20=3
feature_MA5=3
feature_RSQR10=3
feature_RSQR30=3
feature_MIN5=3
feature_MIN20=3
feature_RSV60=3
feature_IMAX60=3
feature_CORR30=3
feature_CNTP20=3
feature_WVMA10=3
feature_WVMA30=3
feature_MA60=2
feature_BETA30=2
feature_RSQR20=2
feature_QTLD60=2
feature_RSV10=2
feature_RSV30=2
feature_IMAX5=2
feature_IMAX30=2
feature_SUMP30=2
feature_SUMP60=2
feature_SUMN10=2
feature_VSUMP10=2
feature_VSUMD60=2
feature_KMID2=1
feature_KUP=1
feature_KSFT=1
feature_HIGH0=1
feature_ROC5=1
feature_MA10=1
feature_MA20=1
feature_MA30=1
feature_STD5=1
feature_BETA20=1
feature_RSQR5=1
feature_RESI30=1
feature_RESI60=1
feature_MAX20=1
feature_MAX60=1
feature_MIN10=1
feature_MIN30=1
feature_QTLU10=1
feature_QTLU20=1
feature_QTLD10=1
feature_QTLD30=1
feature_RANK10=1
feature_RANK60=1
feature_RSV20=1
feature_IMIN5=1
feature_IMXD10=1
feature_CNTP60=1
feature_CNTN20=1
feature_CNTN30=1
feature_VMA20=1
feature_VMA60=1
feature_VSUMP60=1
feature_VSUMN20=1
volume_ratio_5_20=1

parameters:
[boosting: gbdt]
[objective: regression]
[metric: l2]
[tree_learner: serial]
[device_type: cpu]
[data_sample_strategy: bagging]
[data: ]
[valid: ]
[num_iterations: 400]
[learning_rate: 0.05]
[num_leaves: 31]
[num_threads: 20]
[seed: 42]
[deterministic: 0]
[force_col_wise: 0]
[force_row_wise: 0]
[histogram_pool_size: -1]
[max_depth: -1]
[min_data_in_leaf: 20]
[min_sum_hessian_in_leaf: 0.001]
[bagging_fraction: 0.8]
[pos_bagging_fraction: 1]
[neg_bagging_fraction: 1]
[bagging_freq: 1]
[bagging_seed: 400]
[bagging_by_query: 0]
[feature_fraction: 0.8]
[feature_fraction_bynode: 1]
[feature_fraction_seed: 30056]
[extra_trees: 0]
[extra_seed: 12879]
[early_stopping_round: 0]
[early_stopping_min_delta: 0]
[first_metric_only: 0]
[max_delta_step: 0]
[lambda_l1: 1]
[lambda_l2: 1]
[linear_lambda: 0]
[min_gain_to_split: 0]
[drop_rate: 0.1]
[max_drop: 50]
[skip_drop: 0.5]
[xgboost_dart_mode: 0]
[uniform_drop: 0]
[drop_seed: 17869]
[top_rate: 0.2]
[other_rate: 0.1]
[min_data_per_group: 100]
[max_cat_threshold: 32]
[cat_l2: 10]
[cat_smooth: 10]
[max_cat_to_onehot: 4]
[top_k: 20]
[monotone_constraints: ]
[monotone_constraints_method: basic]
[monotone_penalty: 0]
[feature_contri: ]
[forcedsplits_filename: ]
[refit_decay_rate: 0.9]
[cegb_tradeoff: 1]
[cegb_penalty_split: 0]
[cegb_penalty_feature_lazy: ]
[cegb_penalty_feature_coupled: ]
[path_smooth: 0]
[interaction_constraints: ]
[verbosity: -1]
[saved_feature_importance_type: 0]
[use_quantized_grad: 0]
[num_grad_quant_bins: 4]
[quant_train_renew_leaf: 0]
[stochastic_rounding: 1]
[linear_tree: 0]
[max_bin: 255]
[max_bin_by_feature: ]
[min_data_in_bin: 3]
[bin_construct_sample_cnt: 200000]
[data_random_seed: 175]
[is_enable_sparse: 1]
[enable_bundle: 1]
[use_missing: 1]
[zero_as_missing: 0]
[feature_pre_filter: 1]
[pre_partition: 0]
[two_round: 0]
[header: 0]
[label_column: ]
[weight_column: ]
[group_column: ]
[ignore_column: ]
[categorical_feature: ]
[forcedbins_filename: ]
[precise_float_parser: 0]
[parser_config_file: ]
[objective_seed: 16083]
[num_class: 1]
[is_unbalance: 0]
[scale_pos_weight: 1]
[sigmoid: 1]
[boost_from_average: 1]
[reg_sqrt: 0]
[alpha: 0.9]
[fair_c: 1]
[poisson_max_delta_step: 0.7]
[tweedie_variance_power: 1.5]
[lambdarank_truncation_level: 30]
[lambdarank_norm: 1]
[label_gain: ]
[lambdarank_position_bias_regularization: 0]
[eval_at: ]
[multi_error_top_k: 1]
[auc_mu_weights: ]
[num_machines: 1]
[local_listen_port: 12400]
[time_out: 120]
[machine_list_filename: ]
[machines: ]
[gpu_platform_id: -1]
[gpu_device_id: -1]
[gpu_device_id_list: ]
[gpu_use_dp: 0]
[num_gpu: 1]

end of parameters

pandas_categorical:[]
