tree
version=v4
num_class=1
num_tree_per_iteration=1
label_index=0
max_feature_idx=176
objective=regression
feature_names=feature_KMID feature_KLEN feature_KMID2 feature_KUP feature_KUP2 feature_KLOW feature_KLOW2 feature_KSFT feature_KSFT2 feature_OPEN0 feature_HIGH0 feature_LOW0 feature_VWAP0 feature_ROC5 feature_ROC10 feature_ROC20 feature_ROC30 feature_ROC60 feature_MA5 feature_MA10 feature_MA20 feature_MA30 feature_MA60 feature_STD5 feature_STD10 feature_STD20 feature_STD30 feature_STD60 feature_BETA5 feature_BETA10 feature_BETA20 feature_BETA30 feature_BETA60 feature_RSQR5 feature_RSQR10 feature_RSQR20 feature_RSQR30 feature_RSQR60 feature_RESI5 feature_RESI10 feature_RESI20 feature_RESI30 feature_RESI60 feature_MAX5 feature_MAX10 feature_MAX20 feature_MAX30 feature_MAX60 feature_MIN5 feature_MIN10 feature_MIN20 feature_MIN30 feature_MIN60 feature_QTLU5 feature_QTLU10 feature_QTLU20 feature_QTLU30 feature_QTLU60 feature_QTLD5 feature_QTLD10 feature_QTLD20 feature_QTLD30 feature_QTLD60 feature_RANK5 feature_RANK10 feature_RANK20 feature_RANK30 feature_RANK60 feature_RSV5 feature_RSV10 feature_RSV20 feature_RSV30 feature_RSV60 feature_IMAX5 feature_IMAX10 feature_IMAX20 feature_IMAX30 feature_IMAX60 feature_IMIN5 feature_IMIN10 feature_IMIN20 feature_IMIN30 feature_IMIN60 feature_IMXD5 feature_IMXD10 feature_IMXD20 feature_IMXD30 feature_IMXD60 feature_CORR5 feature_CORR10 feature_CORR20 feature_CORR30 feature_CORR60 feature_CORD5 feature_CORD10 feature_CORD20 feature_CORD30 feature_CORD60 feature_CNTP5 feature_CNTP10 feature_CNTP20 feature_CNTP30 feature_CNTP60 feature_CNTN5 feature_CNTN10 feature_CNTN20 feature_CNTN30 feature_CNTN60 feature_CNTD5 feature_CNTD10 feature_CNTD20 feature_CNTD30 feature_CNTD60 feature_SUMP5 feature_SUMP10 feature_SUMP20 feature_SUMP30 feature_SUMP60 feature_SUMN5 feature_SUMN10 feature_SUMN20 feature_SUMN30 feature_SUMN60 feature_SUMD5 feature_SUMD10 feature_SUMD20 feature_SUMD30 feature_SUMD60 feature_VMA5 feature_VMA10 feature_VMA20 feature_VMA30 feature_VMA60 feature_VSTD5 feature_VSTD10 feature_VSTD20 feature_VSTD30 feature_VSTD60 feature_WVMA5 feature_WVMA10 feature_WVMA20 feature_WVMA30 feature_WVMA60 feature_VSUMP5 feature_VSUMP10 feature_VSUMP20 feature_VSUMP30 feature_VSUMP60 feature_VSUMN5 feature_VSUMN10 feature_VSUMN20 feature_VSUMN30 feature_VSUMN60 feature_VSUMD5 feature_VSUMD10 feature_VSUMD20 feature_VSUMD30 feature_VSUMD60 amount_20 momentum_60 price_vs_ma20 reversal_20 volatility_20 volume_ratio_20_60 volume_ratio_5_20 pe earnings_yield revenue_growth net_profit_growth roe roa gross_margin net_margin debt_to_asset operating_cash_flow ocf_to_assets ocf_to_net_profit
feature_infos=[-0.18378382921218872:0.23204429447650909] [0:0.2587992250919342] [-1:1] [0:0.17515505850315094] [0:1] [0:0.1814553290605545] [0:1] [-0.21837836503982544:0.2587992250919342] [-1:1] [0.81165915727615356:1.2251656055450439] [1:1.2768211364746094] [0.78991591930389404:1] [0.86167383193969727:1.1553093194961548] [0.50938946008682251:1.8084112405776978] [0.38546353578567505:2.5034608840942383] [0.20094425976276398:3.1202185153961182] [0.18492695689201355:5.7117090225219727] [0.13746649026870728:7.1328182220458984] [0.73912703990936279:1.3500000238418579] [0.58375918865203857:1.6204214096069336] [0.48958152532577515:2.2400727272033691] [0.40701004862785339:2.491147518157959] [0.28582838177680969:3.7705175876617432] [0:0.31421336531639099] [0.00023446726845577359:0.44042909145355225] [0.0005574155948124826:0.84243810176849365] [0.0005574155948124826:1.5140218734741211] [0.0005574155948124826:2.5884873867034912] [-0.18953272700309753:0.11699225753545761] [-0.14318288862705231:0.091486923396587372] [-0.13684648275375366:0.091486923396587372] [-0.153787761926651:0.091486923396587372] [-0.13677342236042023:0.091486923396587372] [0:1] [0:1] [0:1] [2.2261162995574702e-15:1] [8.3690260277435868e-10:1] [-0.11662719398736954:0.098536819219589233] [-0.23734408617019653:0.19709315896034241] [-0.45356476306915283:0.34632593393325806] [-0.59292685985565186:0.92638540267944336] [-1.1882275342941284:1.6086900234222412] [1:1.7841874361038208] [1:2.2531874179840088] [1:3.1650238037109375] [1:5.7535200119018555] [1:9.3708133697509766] [0.50947773456573486:1] [0.34822705388069153:1] [0.19764620065689087:1] [0.18116329610347748:1] [0.079663857817649841:1] [0.86649966239929199:1.6521495580673218] [0.72217452526092529:2.0949892997741699] [0.58081799745559692:3.0763568878173828] [0.47937741875648499:3.5877678394317627] [0.33353924751281738:7.2022075653076172] [0.58712047338485718:1.184606671333313] [0.39663863182067871:1.3228549957275391] [0.22801922261714935:1.6053929328918457] [0.19504037499427795:1.7554135322570801] [0.12582564353942871:2.6131875514984131] [0.20000000298023224:1] [0.10000000149011612:1] [0.05000000074505806:1] [0.033333335071802139:1] [0.01666666753590107:1] [0:1] [0:1] [0:1] [0:1] [0:1] [0.20000000298023224:1] [0.10000000149011612:1] [0.05000000074505806:1] [0.033333335071802139:1] [0.01666666753590107:1] [0.20000000298023224:1] [0.10000000149011612:1] [0.05000000074505806:1] [0.033333335071802139:1] [0.01666666753590107:1] [-0.80000001192092896:0.80000001192092896] [-0.89999997615814209:0.89999997615814209] [-0.94999998807907104:0.94999998807907104] [-0.96666663885116577:0.96666663885116577] [-0.98333334922790527:0.98333334922790527] [-1:1] [-1:1] [-1:1] [-1:1] [-1:1] [-1:1] [-1:1] [-1:1] [-1:1] [-1:1] [0:1] [0:1] [0:0.94999998807907104] [0:0.86666667461395264] [0:0.76666665077209473] [0:1] [0:1] [0:0.94999998807907104] [0:0.86666667461395264] [0:0.83333331346511841] [-1:1] [-1:1] [-0.94999998807907104:0.89999997615814209] [-0.76666665077209473:0.76666665077209473] [-0.75:0.55000001192092896] [0:1] [0:1] [0:1] [0:1] [0:1] [0:1] [0:1] [0:1] [0:1] [0:1] [-1:1] [-1:1] [-1:1] [-1:1] [-1:1] [0.20471267402172089:235.782958984375] [0.10461504012346268:383.34182739257812] [0.075067855417728424:425.7928466796875] [0.056173093616962433:430.86871337890625] [0.033522188663482666:438.94296264648438] [0.00029457567143253982:408.0859375] [0.0027553131803870201:414.00186157226562] [0.0027553131803870201:307.87985229492188] [0.0027553131803870201:262.36935424804688] [0.0027553131803870201:275.11691284179688] [0:2.2360680103302002] [0.018472533673048019:3.0074613094329834] [0.068585917353630066:3.8974208831787109] [0.068585917353630066:4.5948772430419922] [0.068585917353630066:5.3810009956359863] [0:1] [0:1] [0:1] [0:1] [0:1] [0:1] [0:1] [0:1] [0:1] [0:1] [-1:1] [-1:1] [-1:1] [-1:1] [-1:1] [0.00038284839203675346:0.99851190476190477] [0.00022487069934787497:1] [0.00021706099413935315:1] [0.00022351363433169424:1] [0.00021734405564007825:1] [0.00025176233635448137:1] [0.00022168033695411216:1] [0.012345679012345678:1] [0.012345679012345678:1] [0.010638297872340425:1] [0.01098901098901099:1] [0.01282051282051282:1] [0.010416666666666666:1] [0.014285714285714285:1] [0.010638297872340425:1] [0.010638297872340425:1] [0.010638297872340425:1] [0.010752688172043012:1] [0.010638297872340425:1]
tree_sizes=3012 3012 3025 3017 3032 3056 3001 3018 3045 3071 3055 3049

Tree=0
num_leaves=31
num_cat=0
split_feature=1 57 48 100 81 81 82 82 9 73 89 79 44 82 32 10 38 5 159 62 85 25 46 161 50 105 39 0 17 27
split_gain=56.8039 9.64465 15.5173 9.06676 8.23049 16.0593 22.3562 7.31878 7.08243 5.98625 5.27508 4.22226 4.19311 3.86384 3.73527 3.35691 3.28939 3.13756 3.22336 5.21187 2.66135 2.65628 2.57785 2.97066 2.48102 2.37505 2.24421 2.04264 1.9635 1.93045
threshold=0.12535332143306735 1.2957590222358706 0.94281196594238292 0.47499999403953558 0.21666666865348819 0.25000000745058065 0.025000001303851608 0.058333335444331176 1.0663143396377566 0.90000000596046459 0.51963737607002269 0.45000000298023229 1.0983616113662722 0.075000002980232253 0.0027395965298637752 1.0187500119209292 -0.0027010934427380557 0.037703869864344604 0.62081242277094895 0.82839712500572216 -0.22500000149011609 0.11504753679037096 1.0806029438972475 0.4990859041235417 0.93130028247833263 0.47499999403953558 -0.0058394744992256156 -0.018506219610571858 0.65963563323020946 0.11852662637829782
decision_type=2 2 2 2 2 2 2 2 2 2 8 2 2 2 10 2 10 2 2 2 2 10 2 2 2 2 10 2 8 10
left_child=1 4 12 8 10 6 15 21 25 27 11 17 13 -3 -7 -6 28 18 19 -1 -14 -5 23 -12 -25 -4 -9 -2 -16 -20
right_child=9 2 3 7 5 14 -8 26 -10 -11 22 -13 20 -15 16 -17 -18 -19 29 -21 -22 -23 -24 24 -26 -27 -28 -29 -30 -31
leaf_value=0.008436564685718656 -1.7814295836528996e-06 0.012605714846088589 -0.00053974056625591578 0.015902514695460491 -0.0035909281743727534 0.0018997150728229935 0.00037742595399696283 0.0078517354038088356 0.010078458713238696 -0.0010778355859661663 0.002021226087006142 0.0023047733109034106 0.0011551863549915079 0.0025940479724657025 -0.0026498989204244332 -0.011430671249588829 0.0015581504153376531 -0.00082583729115479369 0.0026790020747884339 0.0037653297412164701 -0.0022313349039060557 0.001800684711733498 0.0012419548872895292 0.0068251322728028778 0.0022623168975018089 0.0036075176718219802 0.002915312437804192 -0.0069163501527213173 0.00023948666067060407 0.0049267470807516306
leaf_weight=991 133 122 378 341 215 33654 2446 864 416 708 5592 8743 2019 512 764 569 5662 323 3387 1617 842 31 9174 665 587 3081 351 2003 3113 1390
leaf_count=991 133 122 378 341 215 33654 2446 864 416 708 5592 8743 2019 512 764 569 5662 323 3387 1617 842 31 9174 665 587 3081 351 2003 3113 1390
internal_value=0.00177695 0.00200158 0.00355638 0.00522269 0.0018244 0.00139796 -0.00200284 0.00841968 0.0038991 -0.00517694 0.00243565 0.00306451 0.000966335 0.00461331 0.00165351 -0.00935404 0.000779748 0.0039196 0.00413425 0.00556135 0.000139993 0.0146276 0.00179287 0.00252402 0.00472784 0.00313931 0.00646887 -0.00651025 -0.000343789 0.00334403
internal_weight=90693 87849 8957 5462 78892 46423 3230 1587 3875 2844 32469 16451 3495 634 43193 784 9539 7708 7385 2608 2861 372 16018 6844 1252 3459 1215 2136 3877 4777
internal_count=90693 87849 8957 5462 78892 46423 3230 1587 3875 2844 32469 16451 3495 634 43193 784 9539 7708 7385 2608 2861 372 16018 6844 1252 3459 1215 2136 3877 4777
is_linear=0
shrinkage=1


Tree=1
num_leaves=31
num_cat=0
split_feature=1 57 39 82 9 116 59 82 12 102 161 159 52 139 152 71 86 25 28 159 161 85 117 24 5 37 102 159 16 19
split_gain=53.9332 8.48693 13.6511 8.48357 9.36638 7.73509 6.64848 6.5644 8.91947 6.30807 5.88993 5.5635 4.49619 4.40103 4.2811 4.09508 4.05898 3.78416 3.43391 3.42307 3.23383 3.2021 3.00497 2.93631 2.84131 2.70584 2.37157 2.32189 2.21372 3.18704
threshold=0.13043481856584552 1.257884204387665 -0.004298826213926076 0.058333335444331176 1.0564128160476687 0.6947641670703889 1.0096209645271303 0.025000001303851608 1.0104984641075136 0.52500000596046459 0.39541065031682687 0.78753106770173076 0.62291228771209728 0.84619471430778515 0.47334541380405432 0.68382307887077343 -0.45000000298023218 0.088821507990360274 -0.040450284257531159 0.92993627017167746 0.5227170834063366 -0.22500000149011609 0.50621095299720775 0.042328258976340301 0.037703869864344604 0.81603989005088817 0.55833333730697643 0.79749891102772297 1.4567780494689944 1.04423063993454
decision_type=2 2 8 2 2 10 2 2 2 2 2 2 2 8 10 2 2 10 8 2 2 2 10 8 2 10 2 2 10 2
left_child=1 5 3 6 17 7 22 8 26 -10 24 -11 19 -2 -9 25 -4 28 -6 -13 -17 -19 -3 -18 -7 -16 -1 -28 -5 -30
right_child=13 2 16 4 18 10 -8 14 9 11 -12 12 -14 -15 15 20 23 21 -20 -21 -22 -23 -24 -25 -26 -27 27 -29 29 -31
leaf_value=-2.8138634619180192e-05 -0.0088565045126208306 0.013808426723922962 0.00095854904107801084 0.0017628120358980576 0.0095073068241289544 0.0015937814812117567 0.003467607317380546 -0.0010955157160971692 -0.0012772940147063308 -0.010886888837271951 0.0060694618025739517 -0.015758665357990302 0.0001341954105266589 -0.0043746503449975695 -0.00011315769922141811 0.00068758054176231028 0.0015170164346685426 0.0013433526261776155 0.0023283869603377147 -0.0033365795672391147 0.0030263824858809928 -0.0040044594584637359 0.0001234870464368551 -0.0026264112836900644 -0.0035281110070526562 0.0015320200650240669 -0.0046047099663239976 -0.00083585796638144586 0.010692175285014691 0
leaf_weight=5964 1588 389 3672 1787 553 3524 455 6924 987 487 751 101 339 928 40319 11010 537 587 269 153 1731 519 53 1871 287 2663 614 1356 180 120
leaf_count=5964 1588 389 3672 1787 553 3524 455 6924 987 487 751 101 339 928 40319 11010 537 587 269 153 1731 519 53 1871 287 2663 614 1356 180 120
internal_value=-8.31664e-06 0.000197074 0.00149693 0.00345725 0.00245575 1.13564e-05 0.0078766 -0.000113414 -0.00130318 -0.00423131 0.00200881 -0.00688103 -0.00349426 -0.00722568 7.57403e-05 0.000222192 -7.8891e-05 0.00121057 0.00722444 -0.00851458 0.00100947 -0.00112234 0.0122843 -0.0016814 0.00119412 -1.00323e-05 -0.000533586 -0.00203762 0.00247078 0.00650193
internal_weight=90718 88202 10992 4912 4015 77210 897 72648 10001 2067 4562 1080 593 2516 62647 55723 6080 3193 822 254 12741 1106 442 2408 3811 42982 7934 1970 2087 300
internal_count=90718 88202 10992 4912 4015 77210 897 72648 10001 2067 4562 1080 593 2516 62647 55723 6080 3193 822 254 12741 1106 442 2408 3811 42982 7934 1970 2087 300
is_linear=0
shrinkage=0.05


Tree=2
num_leaves=31
num_cat=0
split_feature=11 89 57 39 82 81 158 81 82 147 59 52 18 124 81 40 31 39 5 160 26 159 3 52 87 159 82 8 87 84
split_gain=44.3289 7.62492 6.562 12.5829 7.33295 7.06452 5.89956 4.48215 9.45833 4.22341 3.99612 3.90414 3.53039 3.61108 3.18619 3.00743 2.97871 2.73922 2.47808 2.19446 2.16247 2.14471 2.04694 2.03482 2.03198 2.14827 4.04221 4.44735 2.80804 1.98175
threshold=0.89296352863311779 0.53139176964759838 1.329002380371094 -0.0037601781077682968 0.058333335444331176 0.21666666865348819 0.40726604647211256 0.25000000745058065 0.025000001303851608 0.49471858143806463 1.0100638866424563 0.71470698714256298 1.1348635554313662 0.36233550310134893 0.18333333730697635 -0.036383910104632371 0.0026845420943573122 -0.044861366972327225 0.044628545641899116 0.46838886215601055 0.17079202085733416 0.91740293888337865 0.030271901749074463 0.82496795058250438 -0.29166667163372034 0.59262118880928971 0.025000001303851608 -0.55932310223579396 0.091666668653488173 1.0000000180025095e-35
decision_type=2 8 2 10 2 2 2 2 2 10 2 2 2 10 2 10 10 10 2 2 10 2 2 2 2 2 2 2 2 2
left_child=15 2 5 4 10 6 16 8 21 17 -4 14 13 24 -3 -1 -2 -6 -17 -15 -11 -7 -18 -5 -13 26 27 28 -26 -8
right_child=1 11 3 23 9 7 29 -9 -10 20 -12 12 -14 19 -16 18 22 -19 -20 -21 -22 -23 -24 -25 25 -27 -28 -29 -30 -31
leaf_value=-0.0091179562046172415 0.00032605344040200542 -0.00037288208428426034 0.01437831359370993 -0.0026239705616483908 0.0085631506594717917 -0.011158106205869977 0.00028703132744326579 3.0220341465647037e-05 -0.00050171281696608189 0.0025781856258670463 0.0040078041252225955 0.00035421532476316857 0.0067922436569288775 0.0044217005665845013 -0.0023141301997024878 -0.0024960561543807629 0.0056860945953275711 0.0033265319965986558 -0.0074637477053730089 0.0007180765257971942 -0.0030902499487745969 0 0 0.00072467443909026037 -0.0035810855066157735 -0.00016423562106718497 -0.00073619011304873765 -0.0015662397062428041 -0.01142427688846212 0.0014397817006934785
leaf_weight=1041 491 4557 289 556 459 323 7998 25096 1193 485 161 6735 184 442 4063 514 1238 658 580 5079 252 51 183 2421 264 10264 6932 954 243 7208
leaf_count=1041 491 4557 289 556 459 323 7998 25096 1193 485 161 6735 184 442 4063 514 1238 658 580 5079 252 51 183 2421 264 10264 6932 954 243 7208
internal_value=-8.38824e-06 0.000162314 0.000579609 0.00224631 0.00502012 0.000377379 0.00117032 -0.000129848 -0.00272367 0.0035862 0.010796 -0.00035191 -8.91682e-05 -0.000131963 -0.00129384 -0.00712679 0.00379473 0.00552883 -0.00517982 0.00102438 0.000570684 -0.00965778 0.00495703 8.18032e-05 -0.000385388 -0.000655062 -0.00124926 -0.00364724 -0.00745376 0.000836809
internal_weight=90914 88779 49062 5281 2304 43781 17118 26663 1567 1854 450 39717 31097 30913 8620 2135 1912 1117 1094 5521 737 374 1421 2977 25392 18657 8393 1461 507 15206
internal_count=90914 88779 49062 5281 2304 43781 17118 26663 1567 1854 450 39717 31097 30913 8620 2135 1912 1117 1094 5521 737 374 1421 2977 25392 18657 8393 1461 507 15206
is_linear=0
shrinkage=0.05


Tree=3
num_leaves=31
num_cat=0
split_feature=1 57 48 116 100 82 82 12 102 161 10 5 132 5 152 80 79 44 78 53 81 28 81 80 161 72 38 82 26 157
split_gain=46.2095 7.25254 9.93998 7.43829 6.78005 8.08267 6.18011 8.17517 5.62764 5.40058 4.69284 4.65854 4.30346 3.92423 3.49754 3.73661 3.80648 3.48964 3.43525 3.27007 3.10597 2.8451 2.58195 2.55219 2.4345 5.07018 2.16366 2.11061 2.10743 1.96051
threshold=0.12535332143306735 1.2464840412139895 0.92980691790580761 0.69080266356468212 0.47499999403953558 0.058333335444331176 0.025000001303851608 1.008922874927521 0.52500000596046459 0.1592013574719969 1.0878664851188662 0.030325888656079773 1.168927073478699 0.037703869864344604 0.47334541380405432 0.075000001117587103 0.25000000745058065 1.0845921039581301 0.90000000596046459 1.1601572632789614 0.68333333730697643 -0.038855765014886849 0.61666667461395275 0.22500000149011615 0.4990859041235417 0.60213428735733043 0.0083200247026979941 0.075000002980232253 0.16274790465831759 -0.017172290012240406
decision_type=2 2 2 10 2 2 2 2 2 2 2 2 2 2 10 2 2 2 2 2 2 8 2 2 2 2 10 2 10 10
left_child=1 3 17 6 10 20 7 -1 -9 -5 29 -11 -10 21 -8 -16 18 27 24 -7 -6 -2 -14 -19 -17 -26 -27 -3 -12 -4
right_child=13 2 4 9 5 19 14 8 12 11 28 -13 22 -15 15 16 -18 23 -20 -21 -22 -23 -24 -25 25 26 -28 -29 -30 -31
leaf_value=-0.00046289746663883102 -0.0076669930011793314 0.0088476893345415149 0.0018857612665063963 0.00074372373090682373 0.011969623892614731 0.0020899618162772146 -0.0010051384289041991 -0.0012794864080064869 -0.0026186316066777447 0.0052978774905958724 0.0088543594297458093 -0.0034500243639319327 -0.010061935209648558 -0.0077052312069443869 0.0010469357701179958 0.00059073366066824664 -0.0002922624265369028 -0.0044981300017859797 -0.00075352887123927544 0.0081974023134645194 0.0010742157650983554 -0.0017684794534940996 -0.00046608601358809299 -0.00086397413547755755 0.00095158827071817993 0.0036961474792582259 0.0091051949783409157 0.00087466924627784676 0 9.8550620433993485e-06
leaf_weight=7476 313 104 2923 3266 418 1635 6680 1133 508 1393 286 163 599 1827 10647 6403 31463 679 2962 263 90 684 92 1851 2403 794 272 497 81 2763
leaf_count=7476 313 104 2923 3266 418 1635 6680 1133 508 1393 286 163 599 1827 10647 6403 31463 679 2962 263 90 684 92 1851 2403 794 272 497 81 2763
internal_value=-7.38827e-06 0.00019448 0.00135981 1.66887e-05 0.00225245 0.00450616 -0.000110965 -0.00127693 -0.00386384 0.00191772 0.00134777 0.00434774 -0.00626116 -0.0063023 7.38146e-05 0.000205918 2.62723e-06 -0.00103583 0.000729422 0.00296645 0.0101435 -0.0036762 -0.00885911 -0.00186045 0.00117946 0.00225123 0.00513042 0.00234982 0.00684299 0.000983156
internal_weight=90668 87844 11590 76254 8459 2406 71432 9808 2332 4822 6053 1556 1199 2824 61624 54944 44297 3131 12834 1898 508 997 691 2530 9872 3469 1066 601 367 5686
internal_count=90668 87844 11590 76254 8459 2406 71432 9808 2332 4822 6053 1556 1199 2824 61624 54944 44297 3131 12834 1898 508 997 691 2530 9872 3469 1066 601 367 5686
is_linear=0
shrinkage=0.05


Tree=4
num_leaves=31
num_cat=0
split_feature=1 0 79 16 25 53 87 139 44 89 80 8 82 57 53 27 160 78 127 76 37 141 69 142 17 116 159 121 28 44
split_gain=37.5165 7.83225 6.95917 15.7436 7.78418 6.79844 4.86235 4.65071 4.54417 4.00051 3.79863 3.44715 6.37857 3.6706 2.94743 2.77394 2.39853 3.12714 4.1412 2.3111 2.23758 2.13978 2.03692 2.0199 1.99594 1.94095 2.14813 1.82133 1.8244 1.71476
threshold=0.12111108377575876 -0.071069378405809389 0.45000000298023229 1.3891803026199343 0.089705541729927077 1.1601572632789614 -0.30833333730697626 0.84619471430778515 1.1605440378189089 0.390880897641182 0.52500000596046459 -0.80000177025794972 0.025000001303851608 1.1672083735466006 1.0783929824829104 0.1227778270840645 0.42469684641852357 0.90000000596046459 0.12706965208053592 0.21666666865348819 0.53152719140052807 0.77982285618782055 0.72351196408271801 0.84930172562599193 0.79234382510185253 0.68303531408309948 0.73883651822412111 0.2973166704177857 -0.0048209875822067252 1.0630310177803042
decision_type=2 2 2 10 8 2 2 10 2 8 2 2 2 2 2 10 2 2 10 2 10 10 2 10 8 10 2 10 8 2
left_child=1 5 3 8 10 -1 14 -2 9 15 -5 12 13 19 -4 25 17 18 22 -8 -16 -13 -11 -17 -21 -3 -27 -23 -29 -18
right_child=7 2 6 4 -6 -7 11 -9 -10 16 -12 21 -14 -15 20 23 29 -19 -20 24 -22 27 -24 -25 -26 26 -28 28 -30 -31
leaf_value=0.00095675220224559424 -0.0069125270379714436 0.00070179561911904332 0.00031759270047514556 0.01205316289014613 -0.00015510780614367206 0.0085641656168337892 -0.010944715049446893 -0.0029380754926570333 -0.0017088970018098336 0.00036945599018677299 0.00027646929180870453 -0.0023280145249859239 -0.00082715449935238179 0 0.00088014124535598615 0.006791548924714637 0.00032737786246630893 -0.00052940116070581138 0.0061433759699977067 -0.0082880218167684563 0.0049616005800316287 0.0024313363327384029 0.005036479467345434 0.0022901095958508606 -0.0011455524450734815 0.005716848713550631 0.0012397283964263321 6.501312367615975e-05 -0.00070663501894070724 -0.00075040203653627157
leaf_weight=726 1894 8693 12143 519 231 513 282 1300 2142 1370 89 1320 3397 237 793 296 11312 1282 592 208 633 608 289 2332 220 431 814 15094 15329 5472
leaf_count=726 1894 8693 12143 519 231 513 282 1300 2142 1370 89 1320 3397 237 793 296 11312 1282 592 208 633 608 289 2332 220 431 814 15094 15329 5472
internal_value=9.12874e-06 0.00020429 0.000146883 0.000679307 0.00744826 0.00415124 -0.00023202 -0.00531195 0.000515526 0.000661993 0.0104147 -0.00053177 -0.00185681 -0.00549281 0.000574896 0.001364 0.000225297 0.00140942 0.00253558 -0.00728934 0.00272914 -0.000352249 0.00121512 0.00281853 -0.00474444 0.000974089 0.00283311 -0.00026652 -0.000322158 -2.105e-05
internal_weight=90561 87367 86128 35864 839 1239 50264 3194 35025 32883 608 36695 4344 947 13569 12566 20317 3533 2251 710 1426 32351 1659 2628 428 9938 1245 31031 30423 16784
internal_count=90561 87367 86128 35864 839 1239 50264 3194 35025 32883 608 36695 4344 947 13569 12566 20317 3533 2251 710 1426 32351 1659 2628 428 9938 1245 31031 30423 16784
is_linear=0
shrinkage=0.05


Tree=5
num_leaves=31
num_cat=0
split_feature=1 89 79 16 39 22 25 73 82 8 22 144 53 27 5 142 158 5 79 158 18 8 9 107 113 102 161 72 37 158
split_gain=35.5075 6.79814 5.45771 12.8968 4.47369 5.74612 4.34346 3.96363 3.72021 5.48696 3.81709 3.09959 2.82999 2.95348 2.89011 2.59389 2.38512 2.25875 2.22072 3.04239 2.12778 2.02018 1.96947 1.93844 1.9184 1.89102 1.84795 2.11093 1.84015 1.82004
threshold=0.12535332143306735 0.45607632398605352 0.45000000298023229 1.3521531224250796 -0.030521774664521214 1.180948078632355 0.10826709121465684 0.90000000596046459 0.025000001303851608 -0.72414091229438771 1.1122447252273562 0.4947072714567185 1.0876548290252688 0.12363375350832941 0.03637411072850228 1.0404824614524844 0.50120484726020653 0.024495338089764122 0.25000000745058065 0.38377413716039938 1.1198952198028567 -0.14285531640052793 1.0663143396377566 0.45833332836627966 0.080875147134065642 0.55833333730697643 0.22573755609114973 0.69173365831375133 0.70737901329994213 0.51141829846802833
decision_type=2 8 2 10 10 2 10 2 2 2 2 10 2 10 2 10 2 2 2 2 2 2 2 2 10 2 2 2 10 2
left_child=1 2 3 12 5 -4 15 21 9 10 11 -3 13 -1 16 -5 -15 18 19 -10 -20 -2 -7 -22 -19 -11 -21 -28 -6 -27
right_child=7 8 4 6 28 22 -8 -9 17 25 -12 -13 -14 14 -16 -17 -18 24 20 26 23 -23 -24 -25 -26 29 27 -29 -30 -31
leaf_value=0.00085099116617018378 -0.00047870064297793054 -0.0075556276611232756 0.00057586144116017913 0.012833194947727659 -0.0002918969615930253 0.0030712604072854546 -0.00038233638976103155 -0.0020825898105049155 0.0045074164381757207 -6.5640747657998109e-05 0.0024461670577286122 -0.0014662442920788596 -0.0024121774420918702 0.0056989082673290607 -0.0026684858593871152 0.0046198531962666064 0.0022015963527410335 0.0028737390530036845 -0.00026840628886748381 -0.00023498611166372334 -0.0009683513308654687 -0.006977758406640589 0.0077984256724244055 0.0076109701594360537 -0.0015830947772280278 -0.0063301461021304838 0.00048936260164883245 0.002641818180252302 0.00081042692811357682 -0.0013258065558950957
leaf_weight=11741 145 683 2645 352 18034 603 105 689 484 3690 162 334 548 677 228 165 2112 252 23672 5249 94 2005 408 163 3337 238 4669 1545 4783 957
leaf_count=11741 145 683 2645 352 18034 603 105 689 484 3690 162 334 548 677 228 165 2112 252 23672 5249 94 2005 408 163 3337 238 4669 1545 4783 957
internal_value=7.57029e-06 0.000185844 0.000641723 0.00137355 0.000199481 0.00182344 0.00843738 -0.00549446 -0.000237622 -0.0013909 -0.00445806 -0.00560829 0.00108269 0.00121601 0.0026192 0.0103224 0.00307019 -5.91166e-05 5.92083e-05 0.000617007 -0.000217208 -0.00656312 0.00503419 0.00428762 -0.00125552 -0.000639645 0.000448002 0.00103292 -5.86063e-05 -0.00236875
internal_weight=90769 87930 42401 15928 26473 3656 622 2839 45529 6064 1179 1017 15306 14758 3017 517 2789 39465 35876 11947 23929 2150 1011 257 3589 4885 11463 6214 22817 1195
internal_count=90769 87930 42401 15928 26473 3656 622 2839 45529 6064 1179 1017 15306 14758 3017 517 2789 39465 35876 11947 23929 2150 1011 257 3589 4885 11463 6214 22817 1195
is_linear=0
shrinkage=0.05


Tree=6
num_leaves=31
num_cat=0
split_feature=11 32 39 82 0 81 81 82 158 41 17 38 25 25 62 11 89 5 10 112 142 160 114 161 38 11 54 44 124 0
split_gain=31.7877 6.3408 7.87713 6.07726 6.45371 5.55569 11.2206 15.6537 7.4564 5.45532 4.88752 2.89278 2.88948 2.87019 3.31404 2.74084 2.71853 2.70251 2.50777 2.32185 2.10049 1.97362 1.88684 2.71849 1.85809 1.67879 1.67117 1.62717 1.58495 1.71034
threshold=0.8845697045326234 -0.0052938591688871375 -0.0037601781077682968 0.058333335444331176 -0.062028249725699418 0.21666666865348819 0.25000000745058065 0.025000001303851608 0.37426077791657242 0.044606028124690063 0.78965985774993908 0.0042918480467051276 0.086211711168289198 0.10666223987936975 0.83817577362060558 0.97483491897583019 0.33523382246494299 0.021677992306649688 1.0177129507064822 0.025000001303851608 1.3380276560783388 0.83590327324125713 0.71746617555618297 0.46688794474932122 0.010352666955441238 0.99691566824913036 1.0934521555900576 1.0435369014739992 -0.12363375723361968 -0.0097672608681023104
decision_type=2 8 10 2 2 2 2 2 2 10 10 10 8 8 2 2 8 2 2 2 10 2 10 2 8 2 2 2 8 2
left_child=-1 2 3 9 -5 8 7 18 13 -2 11 27 19 14 15 -3 -10 22 -7 -6 26 -17 -18 -24 -4 -9 -11 -8 29 -12
right_child=1 5 24 4 12 6 10 25 16 20 28 -13 -14 -15 -16 21 17 -19 -20 -21 -22 -23 23 -25 -26 -27 -28 -29 -30 -31
leaf_value=-0.0066465724791677063 0.0023532001577899172 0.0029509498069710594 -0.00057789245986552358 0.0071467323538349269 0.001191225342930367 -0.0040117731055792499 -0.00017095783889310037 -0.00068961991099691911 0.00093641975802959392 0.012948270220502534 0.00042341792503976716 -0.00012980666412895422 -0.0014644688068220794 -0.0028541504298756218 0.0011610135835116336 0.0085690745577278078 -6.0575118113480092e-05 -0.0015046352915248093 -0.011103483277559599 0.0055556915499041584 0 0 0.00074542287167474468 0.0055571808956047727 0.0013236758500148427 -0.0046108261669562329 0 -0.0026945043801970478 0.00039733512829858526 -0.00059916582198500049
leaf_weight=1768 373 707 3569 521 1606 192 842 2116 10003 353 6073 2904 793 173 857 578 14349 2830 583 392 48 66 2318 343 1999 323 21 3361 18469 12283
leaf_count=1768 373 707 3569 521 1606 192 842 2116 10003 353 6073 2904 793 173 857 578 14349 2830 583 392 48 66 2318 343 1999 323 21 3361 18469 12283
internal_value=-9.17513e-06 0.000122123 0.00133063 0.00299194 0.00202701 -2.45759e-05 -0.000371014 -0.00322318 0.000480732 0.00694146 -0.000161147 -0.00136186 0.00105118 0.00317473 0.00367082 0.00522388 0.000264019 -7.25049e-05 -0.00941844 0.00207488 0.0108636 0.0076332 0.000162898 0.00138629 9.59374e-05 -0.00123108 0.0121296 -0.00220101 6.92572e-05 -0.00025812
internal_weight=90813 89045 9675 4107 3312 79370 47146 3214 32224 795 43932 7107 2791 2381 2208 1351 29843 19840 775 1998 422 644 17010 2661 5568 2439 374 4203 36825 18356
internal_count=90813 89045 9675 4107 3312 79370 47146 3214 32224 795 43932 7107 2791 2381 2208 1351 29843 19840 775 1998 422 644 17010 2661 5568 2439 374 4203 36825 18356
is_linear=0
shrinkage=0.05


Tree=7
num_leaves=31
num_cat=0
split_feature=1 89 32 28 81 158 17 81 159 80 80 162 100 82 58 158 82 31 17 53 114 160 158 81 25 12 0 19 26 62
split_gain=30.141 5.3607 4.62967 4.94416 4.63772 4.10848 3.09314 4.10685 3.63337 3.73205 3.67621 2.67856 2.61642 3.0521 2.55234 2.42773 3.3083 2.40152 2.36874 2.02187 2.07523 2.04783 2.01513 2.54446 1.99804 1.87032 1.78177 1.75762 1.65665 1.56962
threshold=0.13785236328840259 0.45141318440437322 -0.0054802712984383098 0.0003889160580001772 0.18333333730697635 0.48257315371367965 0.78395977616310131 0.18333333730697635 0.82837946385798555 0.37500000000000006 0.27500000596046453 0.90123096775980926 0.47499999403953558 0.075000002980232253 1.0424644351005556 0.44430294136892029 0.025000001303851608 0.0019308769260533156 0.86249479651451122 1.1905371546745303 0.71746617555618297 0.82830883483797557 0.30933010971492647 0.11666667088866235 0.09966015070676805 0.99690532684326183 -0.055651877075433724 1.0536243915557864 0.17536830157041552 0.81999948620796215
decision_type=2 8 10 10 2 2 10 2 2 2 2 2 2 2 2 2 2 10 8 2 8 2 2 2 10 2 2 2 10 2
left_child=1 2 3 12 5 17 7 22 9 10 -9 -2 14 27 -1 16 18 -4 -6 20 -8 -22 23 -3 29 -12 -21 -14 -16 -19
right_child=11 6 4 -5 15 -7 19 8 -10 -11 25 -13 13 -15 28 -17 -18 24 -20 26 21 -23 -24 -25 -26 -27 -28 -29 -30 -31
leaf_value=0.0013331706805322933 -0.0068570532510858736 0.001648726466338775 4.3221420165232703e-05 -0.00022854368959596984 -0.0094343108774970572 0.0007026428112501897 -0.00017224832423675651 -0.0034762160516208598 -0.00094080992708854864 -0.00040056280577220604 -0.00073045496311452656 -0.0024501396159063 0.011254957846443481 0.0034576689047240415 0.0076758919071488619 0.00011013921677331781 -0.00068550106399455817 0.0059845455178460186 -0.0014250059293029766 0.007201804206299448 0.002515635987938936 0.00020085644400991343 -0.00030318399157128244 0.013607700820572955 -0.00059169507885413551 -0.011202143942952726 -0.00014080103280775803 0 -0.0018142995004461187 0.0025852695190469116
leaf_weight=2037 1640 394 540 1714 210 10592 30176 961 3410 624 62 488 239 896 277 21859 1866 884 195 182 1471 2879 5669 52 195 300 127 40 45 667
leaf_count=2037 1640 394 540 1714 210 10592 30176 961 3410 624 62 488 239 896 277 21859 1866 884 195 182 1471 2879 5669 52 195 300 127 40 45 667
internal_value=6.8595e-06 0.000148736 0.000556292 0.0019481 0.000357525 0.00112383 -0.000222091 -0.000934196 -0.00194502 -0.00367676 -0.00518277 -0.00587156 0.00301769 0.00497456 0.0020201 -4.94023e-05 -0.00160641 0.00305234 -0.00571414 1.10074e-05 -2.36469e-05 0.000995514 -4.03202e-05 0.00318223 0.00395381 -0.00955334 0.00403196 0.00963768 0.00619331 0.00455753
internal_weight=90691 88563 42256 5248 37008 12878 46307 11472 5357 1947 1323 2128 3534 1175 2359 24130 2271 2286 405 34835 34526 4350 6115 446 1746 362 309 279 322 1551
internal_count=90691 88563 42256 5248 37008 12878 46307 11472 5357 1947 1323 2128 3534 1175 2359 24130 2271 2286 405 34835 34526 4350 6115 446 1746 362 309 279 322 1551
is_linear=0
shrinkage=0.05


Tree=8
num_leaves=31
num_cat=0
split_feature=11 0 33 38 79 16 17 25 81 158 147 40 12 51 5 81 82 52 16 107 162 50 80 82 158 92 37 5 49 160
split_gain=25.533 5.29946 5.51136 5.24466 6.1873 14.9661 4.9332 4.7443 3.95394 6.83889 2.66485 2.43179 2.40457 2.34574 2.23722 2.15064 3.36924 2.07698 1.93541 1.87101 1.81916 1.74475 1.69018 1.88897 1.64802 2.44349 1.70433 1.59903 1.58879 1.47918
threshold=0.89296352863311779 -0.071069378405809389 0.77232483029365551 -0.013837577775120733 0.45000000298023229 1.432964622974396 0.70992007851600658 0.095919534564018263 0.21666666865348819 0.39237283618117208 0.48099601268768316 -0.036383910104632371 0.99445328116416942 0.93105879426002514 0.032942539080977447 0.25000000745058065 0.025000001303851608 0.73385185003280651 1.2389647960662844 0.44166666269302374 0.54121108538711049 0.64712059497833263 0.075000001117587103 0.99166667461395275 0.44430294136892029 0.22843381017446521 0.77680379152297985 0.033980574458837516 0.9374784827232362 0.4384319094695342
decision_type=2 2 10 10 2 10 8 10 2 2 10 8 2 2 2 2 2 2 10 2 2 2 2 2 2 10 10 2 2 2
left_child=11 2 -2 6 5 8 -3 13 9 14 18 -1 -11 -7 17 16 -10 -5 -6 29 -13 -8 -12 24 25 -24 -27 -17 -20 -14
right_child=1 3 -4 4 10 7 21 -9 15 12 22 20 19 -15 -16 27 -18 -19 28 -21 -22 -23 23 -25 -26 26 -28 -29 -30 -31
leaf_value=-0.0072852965966428845 0.00053614375414893286 -0.0032086689187656122 0.0070239022483009686 0.0073577938803683065 0.0002537853298625281 0.012162633823409081 -0.0050800385577586538 0 -0.0071040448827936354 -4.7111990197461633e-05 0.00041592114969727213 -0.0062676316301532673 0.004022473012768004 0.00097121448748601746 -0.0010768159368644075 0.00039319031309311011 -0.00049665040079591106 0.0026966579561816285 -0.00014916856318812757 0.00068064117431038585 -0.0018828893940355937 -0.00031238412550895715 -0.0043558328723672648 0.001176866860459605 -0.00045052994330713517 -0.0013863526953335104 0.002962561670032345 -0.0022031928186823794 0.0029770416991650376 0.0016462604710009772
leaf_weight=1004 821 1933 565 671 7900 420 197 120 247 4143 6194 428 921 64 129 15447 964 439 541 4160 636 9005 680 1583 24173 2056 246 611 1337 2829
leaf_count=1004 821 1933 565 671 7900 420 197 120 247 4143 6194 428 921 64 129 15447 964 439 541 4160 636 9005 680 1583 24173 2056 246 611 1337 2829
internal_value=2.3523e-05 0.000152584 0.00322007 0.00010311 0.000252339 0.000793348 -0.00090919 0.00858738 0.000637397 0.00128606 -0.000123661 -0.00546638 0.000917086 0.0107909 0.00483144 0.000135181 -0.00189032 0.00556343 0.00060411 0.00142836 -0.00369785 -0.000420426 -0.000328819 -0.000491084 -0.000590198 -0.00170509 -0.000898817 0.000291154 0.00205026 0.0022441
internal_weight=90464 88396 1386 87010 75875 31165 11135 604 30561 13292 44710 2068 12053 484 1239 17269 1211 1110 9778 7910 1064 9202 34932 28738 27155 2982 2302 16058 1878 3750
internal_count=90464 88396 1386 87010 75875 31165 11135 604 30561 13292 44710 2068 12053 484 1239 17269 1211 1110 9778 7910 1064 9202 34932 28738 27155 2982 2302 16058 1878 3750
is_linear=0
shrinkage=0.05


Tree=9
num_leaves=31
num_cat=0
split_feature=11 89 16 84 81 15 32 81 141 92 158 50 82 0 159 9 114 17 159 28 38 158 17 2 132 159 139 158 24 81
split_gain=23.212 5.05452 3.68516 10.0114 4.18903 3.58703 3.0136 3.06473 2.874 2.83176 2.76437 2.72304 2.63257 2.65459 2.44747 2.38902 2.36804 2.31116 2.60897 2.27442 2.06266 2.194 2.32604 1.97662 1.95222 1.94739 1.91791 1.91341 2.16508 1.84732
threshold=0.89296352863311779 0.49460037052631384 1.2992014884948733 1.0000000180025095e-35 0.18333333730697635 0.99388995766639721 0.0029127235757187013 0.18333333730697635 1.0213305950164797 0.45575453341007238 0.34476371549802426 0.66073340177536022 0.59166666865348827 -0.047435244545340531 0.83139564006591404 1.0663143396377566 0.71746617555618297 0.65963563323020946 0.91496064824173895 -0.037519292905926697 0.0092307585291564482 0.43443385592304878 0.80807560682296764 -0.3545460551977157 0.59330323338508617 0.59683762914610095 0.86680373549461376 0.30933010971492647 0.054357558488845832 0.21666666865348819
decision_type=2 8 10 2 2 10 8 2 10 10 2 2 2 2 2 2 8 8 2 8 10 2 8 2 2 2 10 2 8 2
left_child=26 2 4 5 10 -4 15 27 11 14 -2 -5 17 -14 23 16 20 18 29 -17 21 22 -3 -9 -18 -19 -1 28 -8 -6
right_child=1 6 3 8 12 -7 7 9 -10 -11 -12 -13 13 -15 -16 19 24 25 -20 -21 -22 -23 -24 -25 -26 -27 -28 -29 -30 -31
leaf_value=-0.006237410364136154 0.0032376360852033764 -0.010062904173897191 -0.0042392166948612333 -0.0036382575955001581 0.0042555830995466013 0.0013228559000386562 0.0060214130669468437 -0.0093599479244444207 0.0024144878747837436 -0.0010940199278391407 0.00080254334804451147 0.010672171446979383 0.0035457342105940414 0.00033818203594557954 -0.0017319425946967317 0.0074711050650955223 -0.00015897742217385168 -0.00094694882993062864 -0.0012156507360432714 0.00032401756135463396 0.00058822602260350334 -0.00032023350150876757 -0.0017088493931864982 -0.003481001119464379 0.0019078046314779337 0.00023179438312489581 -0.0026784189965277706 -0.00040063004514601487 -0.0015153717718236035 -0.0085136254106416408
leaf_weight=1475 1296 90 318 30 26 2902 249 267 224 4524 13437 441 689 11265 833 206 1987 6288 803 275 5623 16993 1730 402 2561 7805 590 6896 139 238
leaf_count=1475 1296 90 318 30 26 2902 249 267 224 4524 13437 441 689 11265 833 206 1987 6288 803 275 5623 16993 1730 402 2561 7805 590 6896 139 238
internal_value=-6.98433e-06 0.000114714 0.000480358 0.00194982 0.000341643 0.000756889 -0.000275296 -0.000899717 0.00739594 -0.00173489 0.00102035 0.00964897 -2.53254e-05 0.000527521 -0.00362991 5.09361e-06 -5.1263e-05 -0.000464561 -0.00271277 0.00349782 -0.000247887 -0.000500467 -0.00215472 -0.0059124 0.000994009 -0.000290618 -0.00524655 -0.000201777 0.00319589 -0.00705606
internal_weight=90602 88537 45762 3915 41847 3220 42775 13310 695 6026 14733 471 27114 11954 1502 29465 28984 15160 1067 481 24436 18813 1820 669 4548 14093 2065 7284 388 264
internal_count=90602 88537 45762 3915 41847 3220 42775 13310 695 6026 14733 471 27114 11954 1502 29465 28984 15160 1067 481 24436 18813 1820 669 4548 14093 2065 7284 388 264
is_linear=0
shrinkage=0.05


Tree=10
num_leaves=31
num_cat=0
split_feature=1 89 79 46 76 0 162 33 36 82 8 57 18 142 144 28 32 152 32 116 161 46 69 119 13 50 44 5 87 32
split_gain=22.8157 4.70663 3.9988 8.50511 4.68342 3.9637 3.25405 2.95081 2.50851 2.46476 3.25621 2.72471 2.44019 2.58642 2.42683 2.38788 2.40292 2.07499 2.04306 1.86571 2.03381 1.81003 1.80409 1.77869 1.54499 1.52128 1.4491 1.44253 1.392 1.44703
threshold=0.12111108377575876 0.49869064986705786 0.45000000298023229 1.4595353603363039 0.11666667088866235 -0.071069378405809389 0.87322827615455023 0.82045152783393871 0.64589944481849682 0.025000001303851608 -0.78571581840515126 1.175930976867676 1.0550398826599123 0.9025939702987672 0.50668665766716015 -0.007382866693660616 -0.0029109631432220335 0.49327164888381964 0.0022384460316970949 0.6697656810283662 0.075960620543374505 1.0884770154953005 0.1853279918432236 0.41754209995269781 0.89982852339744579 0.73637953400611889 1.0932256579399111 0.031993260607123382 0.90833333134651195 0.0059365411289036283
decision_type=2 8 2 2 2 2 2 10 10 2 2 2 2 10 10 10 10 10 8 10 2 2 2 10 10 2 2 2 2 10
left_child=1 2 3 12 8 7 18 -4 -5 10 11 14 13 24 -3 16 -7 26 -2 28 -21 -17 -18 -19 -1 -23 -11 -22 29 -15
right_child=6 9 5 4 -6 15 -8 -9 -10 17 -12 -13 -14 19 -16 21 22 23 -20 20 27 25 -24 -25 -26 -27 -28 -29 -30 -31
leaf_value=-0.0019388212149351602 -0.0021006249501233664 -0.0071330580937022901 0.00099923420517164844 0.010957016507494571 0 0.0017427548671053936 -0.0016794058218618766 0.0076513050174561604 0.0016709509002105728 -0.00018085340687056634 -0.00066392710791255197 0.0015128592590003143 -0.0024887314062561755 0.00050994321809177165 -0.0008529586500509045 0.00042208260639374766 -0.00036151338777877257 0.0010088305214916349 -0.0060027516548823764 0.00057882228189522211 0.0038317482348408055 -0.0046271576458250417 0.0010400081040789892 -4.0551207619863866e-05 0.0044814869628560794 -0.00067585632263715632 -0.0012170259866412614 -0.0026908495249056328 -0.0018097558014292456 0.0026008309447816211
leaf_weight=95 469 525 432 393 206 3077 992 294 106 10039 4575 174 518 10988 245 4465 6369 5419 1768 1312 1264 254 3572 15521 742 9924 5196 81 581 912
leaf_count=95 469 525 432 393 206 3077 992 294 106 10039 4575 174 518 10988 245 4465 6369 5419 1768 1312 1264 254 3572 15521 742 9924 5196 81 581 912
internal_value=-1.33729e-05 0.000138788 0.000490301 0.0010923 0.00647736 0.000123796 -0.0041405 0.00376864 0.00909171 -0.000244332 -0.0012292 -0.00391224 0.000858707 0.000970529 -0.00520339 2.61922e-05 0.000520571 -9.26644e-05 -0.00520829 0.000816537 0.00202653 -0.000409914 0.000137106 0.000228663 0.00369167 -0.000779821 -0.000537585 0.00340008 0.000554803 0.000674592
internal_weight=90508 87279 45585 17198 705 28387 3229 726 499 41694 5519 944 16493 15975 770 27661 13018 36175 2237 15138 2657 14643 9941 20940 837 10178 15235 1345 12481 11900
internal_count=90508 87279 45585 17198 705 28387 3229 726 499 41694 5519 944 16493 15975 770 27661 13018 36175 2237 15138 2657 14643 9941 20940 837 10178 15235 1345 12481 11900
is_linear=0
shrinkage=0.05


Tree=11
num_leaves=31
num_cat=0
split_feature=1 77 53 82 159 158 12 16 54 37 158 5 35 157 141 116 80 79 16 160 4 80 159 142 117 159 58 51 159 8
split_gain=20.873 3.97328 5.30647 5.29986 9.2307 5.63255 4.8755 4.26183 6.82922 3.97666 6.96264 3.60297 2.91539 2.75085 2.92879 2.57953 2.44971 2.26442 2.14567 2.10128 2.06353 2.04922 2.04032 2.02879 1.9931 2.05045 1.79044 1.66759 1.66379 2.52258
threshold=0.13785236328840259 0.35833333432674414 1.1905371546745303 0.025000001303851608 0.66549774002962292 0.36503103316454671 1.0064240097999575 1.432964622974396 1.081545948982239 0.81259530782699596 0.48257315371367965 0.021340372040867809 0.45545059442520147 0.0093505554832518118 0.9203162193298341 0.73448076844215404 0.12500000372529033 0.25000000745058065 1.3521531224250796 0.42469684641852357 0.21664760261774066 0.22500000149011615 0.7280413083788323 1.4115215539932253 0.57752671837806713 0.82837946385798555 1.0369142889976504 0.72539231181144725 0.74247461664245573 -0.091297067701816545
decision_type=2 2 2 2 2 2 2 10 2 10 2 2 10 10 8 8 2 2 10 2 2 2 2 10 10 2 2 2 2 2
left_child=1 2 7 4 6 -6 -3 16 12 13 11 19 -9 17 -15 -16 27 18 -5 -11 -4 -10 -17 -2 -7 -26 -18 -1 29 -12
right_child=23 3 20 9 5 24 -8 8 21 10 28 -13 -14 14 15 22 26 -19 -20 -21 -22 -23 -24 -25 25 -27 -28 -29 -30 -31
leaf_value=0.0030514495728850748 -0.0055977705565246408 -0.002612858184070779 0.0074222519792920376 0.00091122118981909125 -0.0081051737719901908 0.0010291252079607071 -0.0087107599323860852 0.0099298959607800486 -0.0038247272243869986 0.0098318900554083873 0.0048893857521175692 0.00079363503928464542 0.0024149246581265296 -0.0023438348503458705 -0.00048259990171227826 0.0058216327457247877 1.4794468596453055e-05 -2.1260884410288277e-05 0.0060198642189146613 0.0043555115994040466 -0.00022777205864038094 0.001647792635384341 0.00070057440139589854 -0.0013167144672370738 -0.004185211968331339 -0.00041356868611089597 0.0029805582464554202 0.00083029789406935124 -0.00023519129801739957 -6.426236425925579e-05
leaf_weight=1010 1768 889 385 5596 231 2140 554 377 218 312 446 457 228 2025 17593 269 21920 17953 217 537 98 754 806 367 426 2616 521 6163 3201 559
leaf_count=1010 1768 889 385 5596 231 2140 554 377 218 312 446 457 228 2025 17593 269 21920 17953 217 537 98 754 806 367 426 2616 521 6163 3201 559
internal_value=-1.60789e-06 0.000115718 0.000564753 -0.000133689 -0.00143741 -0.000479579 -0.00499302 0.000482371 0.00301837 4.42061e-05 0.00131156 0.00450201 0.00718897 -0.000111821 -0.000534081 -0.000334976 0.000345539 0.000253743 0.00111153 0.00643606 0.0057695 0.00036636 0.00203272 -0.00488624 -0.000128504 -0.00095938 8.60066e-05 0.0011504 0.000308174 0.00208705
internal_weight=90636 88501 31674 56827 6856 5413 1443 31191 1577 49971 5512 1306 605 44459 20693 18668 29614 23766 5813 849 483 972 1075 2135 5182 3042 22441 7173 4206 1005
internal_count=90636 88501 31674 56827 6856 5413 1443 31191 1577 49971 5512 1306 605 44459 20693 18668 29614 23766 5813 849 483 972 1075 2135 5182 3042 22441 7173 4206 1005
is_linear=0
shrinkage=0.05


end of trees

feature_importances:
feature_IMIN60=22
feature_IMIN30=17
amount_20=15
momentum_60=15
feature_KLOW=12
feature_KMID=8
feature_KLEN=8
feature_ROC30=8
feature_ROC60=8
feature_STD20=8
feature_IMIN10=8
feature_IMIN20=8
feature_CORR10=8
reversal_20=8
feature_BETA60=7
feature_KSFT2=6
feature_LOW0=6
feature_BETA5=6
feature_RESI5=6
feature_RESI10=6
feature_MAX10=6
feature_QTLU5=6
feature_QTLU60=6
price_vs_ma20=6
feature_VWAP0=5
feature_RSQR60=5
feature_SUMP30=5
feature_WVMA60=5
feature_OPEN0=4
feature_MIN20=4
feature_MIN60=4
feature_IMXD60=4
feature_CNTP60=4
feature_HIGH0=3
feature_MA5=3
feature_STD30=3
feature_STD60=3
feature_MAX30=3
feature_QTLD60=3
feature_CNTP20=3
feature_SUMP10=3
feature_WVMA10=3
feature_WVMA30=3
feature_VSUMN60=3
volatility_20=3
feature_MA10=2
feature_MA60=2
feature_STD10=2
feature_BETA30=2
feature_RSQR5=2
feature_RESI20=2
feature_MIN5=2
feature_MIN30=2
feature_QTLU10=2
feature_QTLD5=2
feature_QTLD10=2
feature_RSV10=2
feature_RSV60=2
feature_IMAX5=2
feature_IMAX30=2
feature_IMIN5=2
feature_IMXD10=2
feature_IMXD20=2
feature_CORR60=2
feature_CNTN60=2
feature_SUMP60=2
feature_SUMD10=2
feature_VMA60=2
feature_VSUMP10=2
feature_VSUMP60=2
feature_VSUMD60=2
feature_KMID2=1
feature_KUP=1
feature_KUP2=1
feature_ROC5=1
feature_ROC20=1
feature_RSQR20=1
feature_RSQR30=1
feature_RESI30=1
feature_MIN10=1
feature_RSV30=1
feature_IMAX60=1
feature_IMXD30=1
feature_CNTN20=1
feature_CNTD60=1
feature_SUMP5=1
feature_SUMN10=1
feature_SUMN30=1
feature_SUMD60=1

parameters:
[boosting: gbdt]
[objective: regression]
[metric: l2]
[tree_learner: serial]
[device_type: cpu]
[data_sample_strategy: bagging]
[data: ]
[valid: ]
[num_iterations: 400]
[learning_rate: 0.05]
[num_leaves: 31]
[num_threads: 20]
[seed: 42]
[deterministic: 0]
[force_col_wise: 0]
[force_row_wise: 0]
[histogram_pool_size: -1]
[max_depth: -1]
[min_data_in_leaf: 20]
[min_sum_hessian_in_leaf: 0.001]
[bagging_fraction: 0.8]
[pos_bagging_fraction: 1]
[neg_bagging_fraction: 1]
[bagging_freq: 1]
[bagging_seed: 400]
[bagging_by_query: 0]
[feature_fraction: 0.8]
[feature_fraction_bynode: 1]
[feature_fraction_seed: 30056]
[extra_trees: 0]
[extra_seed: 12879]
[early_stopping_round: 0]
[early_stopping_min_delta: 0]
[first_metric_only: 0]
[max_delta_step: 0]
[lambda_l1: 1]
[lambda_l2: 1]
[linear_lambda: 0]
[min_gain_to_split: 0]
[drop_rate: 0.1]
[max_drop: 50]
[skip_drop: 0.5]
[xgboost_dart_mode: 0]
[uniform_drop: 0]
[drop_seed: 17869]
[top_rate: 0.2]
[other_rate: 0.1]
[min_data_per_group: 100]
[max_cat_threshold: 32]
[cat_l2: 10]
[cat_smooth: 10]
[max_cat_to_onehot: 4]
[top_k: 20]
[monotone_constraints: ]
[monotone_constraints_method: basic]
[monotone_penalty: 0]
[feature_contri: ]
[forcedsplits_filename: ]
[refit_decay_rate: 0.9]
[cegb_tradeoff: 1]
[cegb_penalty_split: 0]
[cegb_penalty_feature_lazy: ]
[cegb_penalty_feature_coupled: ]
[path_smooth: 0]
[interaction_constraints: ]
[verbosity: -1]
[saved_feature_importance_type: 0]
[use_quantized_grad: 0]
[num_grad_quant_bins: 4]
[quant_train_renew_leaf: 0]
[stochastic_rounding: 1]
[linear_tree: 0]
[max_bin: 255]
[max_bin_by_feature: ]
[min_data_in_bin: 3]
[bin_construct_sample_cnt: 200000]
[data_random_seed: 175]
[is_enable_sparse: 1]
[enable_bundle: 1]
[use_missing: 1]
[zero_as_missing: 0]
[feature_pre_filter: 1]
[pre_partition: 0]
[two_round: 0]
[header: 0]
[label_column: ]
[weight_column: ]
[group_column: ]
[ignore_column: ]
[categorical_feature: ]
[forcedbins_filename: ]
[precise_float_parser: 0]
[parser_config_file: ]
[objective_seed: 16083]
[num_class: 1]
[is_unbalance: 0]
[scale_pos_weight: 1]
[sigmoid: 1]
[boost_from_average: 1]
[reg_sqrt: 0]
[alpha: 0.9]
[fair_c: 1]
[poisson_max_delta_step: 0.7]
[tweedie_variance_power: 1.5]
[lambdarank_truncation_level: 30]
[lambdarank_norm: 1]
[label_gain: ]
[lambdarank_position_bias_regularization: 0]
[eval_at: ]
[multi_error_top_k: 1]
[auc_mu_weights: ]
[num_machines: 1]
[local_listen_port: 12400]
[time_out: 120]
[machine_list_filename: ]
[machines: ]
[gpu_platform_id: -1]
[gpu_device_id: -1]
[gpu_device_id_list: ]
[gpu_use_dp: 0]
[num_gpu: 1]

end of parameters

pandas_categorical:[]
