tree
version=v4
num_class=1
num_tree_per_iteration=1
label_index=0
max_feature_idx=165
objective=regression
feature_names=feature_KMID feature_KLEN feature_KMID2 feature_KUP feature_KUP2 feature_KLOW feature_KLOW2 feature_KSFT feature_KSFT2 feature_OPEN0 feature_HIGH0 feature_LOW0 feature_VWAP0 feature_ROC5 feature_ROC10 feature_ROC20 feature_ROC30 feature_ROC60 feature_MA5 feature_MA10 feature_MA20 feature_MA30 feature_MA60 feature_STD5 feature_STD10 feature_STD20 feature_STD30 feature_STD60 feature_BETA5 feature_BETA10 feature_BETA20 feature_BETA30 feature_BETA60 feature_RSQR5 feature_RSQR10 feature_RSQR20 feature_RSQR30 feature_RSQR60 feature_RESI5 feature_RESI10 feature_RESI20 feature_RESI30 feature_RESI60 feature_MAX5 feature_MAX10 feature_MAX20 feature_MAX30 feature_MAX60 feature_MIN5 feature_MIN10 feature_MIN20 feature_MIN30 feature_MIN60 feature_QTLU5 feature_QTLU10 feature_QTLU20 feature_QTLU30 feature_QTLU60 feature_QTLD5 feature_QTLD10 feature_QTLD20 feature_QTLD30 feature_QTLD60 feature_RANK5 feature_RANK10 feature_RANK20 feature_RANK30 feature_RANK60 feature_RSV5 feature_RSV10 feature_RSV20 feature_RSV30 feature_RSV60 feature_IMAX5 feature_IMAX10 feature_IMAX20 feature_IMAX30 feature_IMAX60 feature_IMIN5 feature_IMIN10 feature_IMIN20 feature_IMIN30 feature_IMIN60 feature_IMXD5 feature_IMXD10 feature_IMXD20 feature_IMXD30 feature_IMXD60 feature_CORR5 feature_CORR10 feature_CORR20 feature_CORR30 feature_CORR60 feature_CORD5 feature_CORD10 feature_CORD20 feature_CORD30 feature_CORD60 feature_CNTP5 feature_CNTP10 feature_CNTP20 feature_CNTP30 feature_CNTP60 feature_CNTN5 feature_CNTN10 feature_CNTN20 feature_CNTN30 feature_CNTN60 feature_CNTD5 feature_CNTD10 feature_CNTD20 feature_CNTD30 feature_CNTD60 feature_SUMP5 feature_SUMP10 feature_SUMP20 feature_SUMP30 feature_SUMP60 feature_SUMN5 feature_SUMN10 feature_SUMN20 feature_SUMN30 feature_SUMN60 feature_SUMD5 feature_SUMD10 feature_SUMD20 feature_SUMD30 feature_SUMD60 feature_VMA5 feature_VMA10 feature_VMA20 feature_VMA30 feature_VMA60 feature_VSTD5 feature_VSTD10 feature_VSTD20 feature_VSTD30 feature_VSTD60 feature_WVMA5 feature_WVMA10 feature_WVMA20 feature_WVMA30 feature_WVMA60 feature_VSUMP5 feature_VSUMP10 feature_VSUMP20 feature_VSUMP30 feature_VSUMP60 feature_VSUMN5 feature_VSUMN10 feature_VSUMN20 feature_VSUMN30 feature_VSUMN60 feature_VSUMD5 feature_VSUMD10 feature_VSUMD20 feature_VSUMD30 feature_VSUMD60 amount_20 momentum_60 price_vs_ma20 reversal_20 volatility_20 volume_ratio_20_60 volume_ratio_5_20 regulatory_event_count_20d
feature_infos=[-0.18378382921218872:0.23204429447650909] [0:0.2587992250919342] [-1:1] [0:0.17515505850315094] [0:1] [0:0.1814553290605545] [0:1] [-0.21837836503982544:0.2587992250919342] [-1:1] [0.81165915727615356:1.2251656055450439] [1:1.2768211364746094] [0.78991591930389404:1] [0.86167383193969727:1.1553093194961548] [0.50938946008682251:1.8084112405776978] [0.38546353578567505:2.5034608840942383] [0.20094425976276398:3.1202185153961182] [0.18492695689201355:5.7117090225219727] [0.13746649026870728:7.1328182220458984] [0.73912703990936279:1.3500000238418579] [0.58375918865203857:1.6204214096069336] [0.48958152532577515:2.2400727272033691] [0.40701004862785339:2.491147518157959] [0.28582838177680969:3.7705175876617432] [0:0.31421336531639099] [0.00023446726845577359:0.44042909145355225] [0.0005574155948124826:0.84243810176849365] [0.0005574155948124826:1.5140218734741211] [0.0005574155948124826:2.5884873867034912] [-0.18953272700309753:0.11699225753545761] [-0.14318288862705231:0.091486923396587372] [-0.13684648275375366:0.091486923396587372] [-0.153787761926651:0.091486923396587372] [-0.13677342236042023:0.091486923396587372] [0:1] [0:1] [0:1] [2.2261162995574702e-15:1] [8.3690260277435868e-10:1] [-0.11662719398736954:0.098536819219589233] [-0.23734408617019653:0.19709315896034241] [-0.45356476306915283:0.34632593393325806] [-0.59292685985565186:0.92638540267944336] [-1.1882275342941284:1.6086900234222412] [1:1.7841874361038208] [1:2.2531874179840088] [1:3.1650238037109375] [1:5.7535200119018555] [1:9.3708133697509766] [0.50947773456573486:1] [0.34822705388069153:1] [0.19764620065689087:1] [0.18116329610347748:1] [0.079663857817649841:1] [0.86649966239929199:1.6521495580673218] [0.72217452526092529:2.0949892997741699] [0.58081799745559692:3.0763568878173828] [0.47937741875648499:3.5877678394317627] [0.33353924751281738:7.2022075653076172] [0.58712047338485718:1.184606671333313] [0.39663863182067871:1.3228549957275391] [0.22801922261714935:1.6053929328918457] [0.19504037499427795:1.7554135322570801] [0.12582564353942871:2.6131875514984131] [0.20000000298023224:1] [0.10000000149011612:1] [0.05000000074505806:1] [0.033333335071802139:1] [0.01666666753590107:1] [0:1] [0:1] [0:1] [0:1] [0:1] [0.20000000298023224:1] [0.10000000149011612:1] [0.05000000074505806:1] [0.033333335071802139:1] [0.01666666753590107:1] [0.20000000298023224:1] [0.10000000149011612:1] [0.05000000074505806:1] [0.033333335071802139:1] [0.01666666753590107:1] [-0.80000001192092896:0.80000001192092896] [-0.89999997615814209:0.89999997615814209] [-0.94999998807907104:0.94999998807907104] [-0.96666663885116577:0.96666663885116577] [-0.98333334922790527:0.98333334922790527] [-1:1] [-1:1] [-1:1] [-1:1] [-1:1] [-1:1] [-1:1] [-1:1] [-1:1] [-1:1] [0:1] [0:1] [0:0.94999998807907104] [0:0.86666667461395264] [0:0.76666665077209473] [0:1] [0:1] [0:0.94999998807907104] [0:0.86666667461395264] [0:0.83333331346511841] [-1:1] [-1:1] [-0.94999998807907104:0.89999997615814209] [-0.76666665077209473:0.76666665077209473] [-0.75:0.55000001192092896] [0:1] [0:1] [0:1] [0:1] [0:1] [0:1] [0:1] [0:1] [0:1] [0:1] [-1:1] [-1:1] [-1:1] [-1:1] [-1:1] [0.20471267402172089:235.782958984375] [0.10461504012346268:383.34182739257812] [0.075067855417728424:425.7928466796875] [0.056173093616962433:430.86871337890625] [0.033522188663482666:438.94296264648438] [0.00029457567143253982:408.0859375] [0.0027553131803870201:414.00186157226562] [0.0027553131803870201:307.87985229492188] [0.0027553131803870201:262.36935424804688] [0.0027553131803870201:275.11691284179688] [0:2.2360680103302002] [0.018472533673048019:3.0074613094329834] [0.068585917353630066:3.8974208831787109] [0.068585917353630066:4.5948772430419922] [0.068585917353630066:5.3810009956359863] [0:1] [0:1] [0:1] [0:1] [0:1] [0:1] [0:1] [0:1] [0:1] [0:1] [-1:1] [-1:1] [-1:1] [-1:1] [-1:1] [0.00038284839203675346:0.99851190476190477] [0.00022487069934787497:1] [0.00021706099413935315:1] [0.00022351363433169424:1] [0.00021734405564007825:1] [0.00025176233635448137:1] [0.00022168033695411216:1] [0.4375812743823147:1]
tree_sizes=3022 3025 3076 3002 3085 3052 3052 3084 3066 3032

Tree=0
num_leaves=31
num_cat=0
split_feature=1 165 165 74 165 165 165 47 39 17 8 16 100 73 165 165 3 141 81 81 82 158 165 39 165 9 165 165 165 59
split_gain=56.8039 17.3154 10.8019 9.78211 8.3931 9.48753 7.70581 7.48284 7.93764 7.32214 7.79865 7.14131 6.69876 5.98625 5.81994 5.30981 4.70094 5.10081 4.45108 8.95434 13.5617 6.72155 4.29365 4.12261 3.92825 3.71068 3.50599 5.57544 3.30647 2.87562
threshold=0.12535332143306735 0.48259541416974799 0.69635406901140118 0.35000000894069677 0.47405506449806994 0.4572547044428506 0.47472466651811956 1.5449599623680117 -0.009223171975463627 0.88342696428298961 -0.7113402485847472 1.2992014884948733 0.42499999701976782 0.90000000596046459 0.47495400915082636 0.47431170587171839 0.025952738709747795 1.0016787052154543 0.21666666865348819 0.25000000745058065 0.025000001303851608 0.30933010971492647 0.4836379504342056 0.0097559019923210161 0.47681306786204275 1.0710268616676333 0.47069297702123963 0.46939747684458816 0.45421889633311724 0.99667024612426769
decision_type=2 10 10 2 8 10 8 2 8 10 2 10 2 2 8 10 2 10 2 2 2 2 10 10 8 2 10 10 10 2
left_child=1 4 3 23 5 28 15 14 12 10 26 22 25 -2 -8 -6 17 29 21 20 -20 -16 -5 -3 -21 -9 27 -7 -1 -14
right_child=13 2 -4 11 6 9 7 8 -10 -11 -12 -13 16 -15 18 -17 -18 -19 19 24 -22 -23 -24 -25 -26 -27 -28 -29 -30 -31
leaf_value=0.0020626781080426561 -0.006510250398843921 0.0046789327585140175 0.0011095067075165979 0.010703700227970687 0.0026975860293517321 -3.5386237363712117e-05 -0.0024599141612011875 0.0019121704046576641 0.0021341398575277643 0.0010193381633648076 -0.00065961327449703304 0.013883774300165613 0.018300765443252143 -0.0010778355859661663 0.0065395172699824113 0.0092271381484779307 0.001800684711733498 0.0057145338935998971 -0.0087861193501389129 0.0038666412037788073 0.00063874759003318209 0.0022104644697219776 0.0054348079033704816 0.00023082119919541188 0.0015522211529057392 0.010245316496579379 -0.0014232077728251222 -0.013363075316160277 0.0054756533472680837 0.01018916998515635
leaf_weight=2878 2136 1143 1963 472 668 121 794 986 3483 7814 3842 347 197 708 938 617 218 438 509 1951 1582 21568 2735 941 29651 156 230 285 958 364
leaf_count=2878 2136 1143 1963 472 668 121 794 986 3483 7814 3842 347 197 708 938 617 218 438 509 1951 1582 21568 2735 941 29651 156 230 285 958 364
internal_value=0.00177695 0.00200158 0.00428233 0.00539581 0.00178615 0.000766019 0.00204197 0.00196272 0.00366687 8.69693e-05 -0.00152829 0.00699309 0.00590761 -0.00517694 0.00178889 0.005875 0.00849732 0.00994768 0.0018481 0.0014854 -0.00168336 0.00239331 0.00622839 0.00264668 0.00169675 0.00310064 -0.00668527 -0.00952815 0.0029288 0.0131509
internal_weight=90693 87849 7601 5638 80248 16128 64120 62835 5842 12292 4478 3554 2359 2844 56993 1285 1217 999 56199 33693 2091 22506 3207 2084 31602 1142 636 406 3836 561
internal_count=90693 87849 7601 5638 80248 16128 64120 62835 5842 12292 4478 3554 2359 2844 56993 1285 1217 999 56199 33693 2091 22506 3207 2084 31602 1142 636 406 3836 561
is_linear=0
shrinkage=1


Tree=1
num_leaves=31
num_cat=0
split_feature=1 165 165 80 165 165 59 52 16 89 77 165 79 16 36 139 82 165 165 5 81 158 38 58 52 165 28 82 76 165
split_gain=54.0079 16.1134 11.3293 9.7288 6.81999 8.89659 6.80159 6.62959 6.50996 6.35463 5.83081 5.50125 5.32191 11.1082 4.7236 4.43694 4.04734 4.59039 10.1225 3.95259 4.17333 3.71547 3.02664 2.99154 2.86411 2.75615 2.46813 2.35287 2.14956 2.07453
threshold=0.13043481856584552 0.48259541416974799 0.69635406901140118 0.57500001788139354 0.47367222622470884 0.4572547044428506 1.098625719547272 0.8444279432296754 1.2992014884948733 0.46493268013000494 0.42499999701976782 0.4836379504342056 0.45000000298023229 1.3521531224250796 0.64589944481849682 0.84619471430778515 0.025000001303851608 0.47000914378222819 0.47069297702123963 0.03923341631889344 0.21666666865348819 0.46626305560984088 -0.016497805714607235 1.0345586538314822 0.64658227562904369 0.45421889633311724 -0.008813551161438225 0.95833331346511852 0.28333334624767309 0.48792455926481626
decision_type=2 10 10 2 8 10 2 2 10 8 2 10 2 10 10 8 2 10 10 2 2 2 10 2 2 10 8 2 2 10
left_child=1 4 3 8 5 25 9 16 11 12 -8 -3 13 19 28 -2 17 -7 -19 20 21 -6 24 29 -11 -1 -14 -9 -15 -5
right_child=15 2 -4 23 6 7 10 27 -10 22 -12 -13 26 14 -16 -17 -18 18 -20 -21 -22 -23 -24 -25 -26 -27 -28 -29 -30 -31
leaf_value=0.00032555163140658781 -0.0088678915186308684 0.0089569029030691898 -0.00081489835362788261 -0.00039875907436998076 0.005565653282989233 -0.002068333104797533 0.0087957558804908995 -0.00089735385309297445 0.011192339879213548 -0.0043423002080167838 0 0.0033606129303250434 0.0008055354622906628 0.01466543884203751 0.00076890847389892629 -0.0043688754623793912 -0.0022295919132870926 -0.015145019207762293 -0.0011660205409386936 -0.0035468485472123917 0.00051697508713880944 0.0018562303391774435 -0.00014575312039224423 0.0071287013451414765 -0.00092301659314964748 0.0034126725307400069 -0.0003354635042186268 0.0019062085862429142 -6.0971014733825409e-05 0.0072353567778067219
leaf_weight=2909 1588 539 2017 1668 838 482 425 5366 391 790 322 2824 8438 254 113 928 4546 297 244 410 5920 4005 29528 160 3016 982 10745 860 20 93
leaf_count=2909 1588 539 2017 1668 838 482 425 5366 391 790 322 2824 8438 254 113 928 4546 297 244 410 5920 4005 29528 160 3016 982 10745 860 20 93
internal_value=-8.38068e-06 0.000197153 0.00238343 0.00352892 -1.11318e-05 -0.000947198 0.000214616 -0.00163282 0.00501141 0.000158472 0.00495712 0.00427481 0.000677465 0.00152538 0.00986098 -0.00723074 -0.00288794 -0.00575966 -0.00894629 0.00123133 0.00141831 0.00250942 -0.000318687 0.000604743 -0.00164683 0.00111819 0.000163836 -0.000501823 0.0134124 0
internal_weight=90718 88202 7692 5675 80510 15686 64824 11795 3754 64077 747 3363 30743 11560 387 2516 5569 1023 541 11173 10763 4843 33334 1921 3806 3891 19183 6226 274 1761
internal_count=90718 88202 7692 5675 80510 15686 64824 11795 3754 64077 747 3363 30743 11560 387 2516 5569 1023 541 11173 10763 4843 33334 1921 3806 3891 19183 6226 274 1761
is_linear=0
shrinkage=0.05


Tree=2
num_leaves=31
num_cat=0
split_feature=1 165 165 165 165 165 165 165 9 53 165 89 11 8 165 124 16 29 81 158 165 165 82 38 17 165 32 165 28 5
split_gain=47.0691 14.122 8.8724 8.00468 9.95638 6.80807 8.21923 36.9513 6.88741 7.27039 6.42775 5.72181 5.1775 4.73806 4.58618 4.04362 5.31075 9.90672 3.57851 3.90474 3.24793 4.24264 3.08828 2.93657 5.00292 2.7769 2.51685 2.33031 2.32532 2.30583
threshold=0.12111108377575876 0.48259541416974799 0.69635406901140118 0.48792455926481626 0.48493194034231629 0.47367222622470884 0.47000914378222819 0.47069297702123963 1.0710268616676333 1.1601572632789614 0.49139534883720937 0.46493268013000494 0.8845697045326234 -0.40000239014625544 0.4731508225968542 -0.20588231831789014 1.3521531224250796 -0.0036414340138435359 0.15000000596046451 0.47810202993383205 0.4572547044428506 0.46864290219536514 0.058333335444331176 -0.00414557778276503 0.75063830614089977 0.45421889633311724 0.0029127235757187013 0.46770800100747212 -0.010676467791199682 0.031102173961699012
decision_type=2 10 10 10 10 8 8 10 2 2 10 8 2 2 10 10 10 10 2 2 10 10 2 10 10 10 8 10 8 2
left_child=1 5 3 4 13 6 20 -8 11 -10 -5 15 -2 -3 -9 28 18 -18 19 29 25 27 -19 24 -13 -1 -14 -22 -7 -17
right_child=12 2 -4 10 -6 8 7 14 9 -11 -12 23 26 -15 -16 16 17 22 -20 -21 21 -23 -24 -25 -26 -27 -28 -29 -30 -31
leaf_value=0.00025939118032757252 -0.0077414984757415697 0.0086631156208951295 -0.00058993722672654803 0.0092180286089344164 3.551381829860269e-05 0.00072147880060993805 -0.014012944453578547 -0.00033142145118529934 0.0010227720209493993 0.0094095531062924342 0.0022006870331568269 -0.0029893658498219727 -0.0006420406034216285 0.003082454552558251 -0.0046004915389293724 0.0056371048176442002 -0.0015311088674678387 0.014482566387361191 0.00042467327152978605 0.0013495725708902279 -0.0010934727450826666 0.0014325429321303583 0.0050849110805091333 4.3051257488940141e-05 -0.00037505217533205927 0.003354964720671517 -0.0050994674676652771 -0.0044964591029966628 -0.0006037157626637632 -0.00051808909688561195
leaf_weight=2895 1771 600 1964 877 2384 6233 616 4095 734 412 555 2376 499 1170 750 938 283 228 10289 4897 4236 1612 178 22285 8227 985 1021 587 7053 164
leaf_count=2895 1771 600 1964 877 2384 6233 616 4095 734 412 555 2376 499 1170 750 938 283 228 10289 4897 4236 1612 178 22285 8227 985 1021 587 7053 164
internal_value=-8.06351e-06 0.0002119 0.00227898 0.00329655 0.00216625 1.63467e-05 -0.000913706 -0.00248232 0.000245334 0.00408708 0.00653664 0.000174762 -0.00587807 0.00500626 -0.0010034 0.000671386 0.00118269 0.00549547 0.00099686 0.00196966 -7.82356e-05 -0.000771639 0.0105079 -0.000280708 -0.000965829 0.0010588 -0.0036704 -0.00151886 1.4231e-05 0.00467612
internal_weight=90914 87623 7550 5586 4154 80073 15776 5461 64297 1146 1432 63151 3291 1770 4845 30263 16977 689 16288 5999 10315 6435 406 32888 10603 3880 1520 4823 13286 1102
internal_count=90914 87623 7550 5586 4154 80073 15776 5461 64297 1146 1432 63151 3291 1770 4845 30263 16977 689 16288 5999 10315 6435 406 32888 10603 3880 1520 4823 13286 1102
is_linear=0
shrinkage=0.05


Tree=3
num_leaves=31
num_cat=0
split_feature=12 32 18 82 8 82 17 26 46 36 65 102 158 17 3 161 48 159 29 46 5 17 37 78 159 40 92 157 27 142
split_gain=34.9995 7.81098 9.42165 6.80574 8.72042 5.55042 13.763 5.277 5.04076 4.34178 4.06123 4.02574 3.98932 4.37902 3.93729 3.86891 3.85113 3.84298 3.08287 3.2092 2.95147 2.77913 2.511 2.53611 2.76608 2.46766 2.33849 2.31246 2.42151 2.27466
threshold=0.95583620667457592 -0.0034395027905702587 1.1106063127517702 0.025000001303851608 -0.77777883410453785 0.058333335444331176 0.94563937187194835 0.17079202085733416 1.1020110845565798 0.8346342444419862 0.55718955397605907 0.52500000596046459 0.43443385592304878 0.93567895889282238 0.033244771882891662 0.20618037035579548 0.92908427119255077 0.74247461664245573 -0.0030800162348896261 1.4399116039276125 0.03923341631889344 0.65373903512954723 0.81259530782699596 0.90000000596046459 0.7531470588235295 -0.014137335121631621 0.22234953194856646 -0.017172290012240406 0.14805238693952563 1.324616074562073
decision_type=2 8 2 2 2 2 10 10 2 10 2 2 2 8 2 2 2 2 8 2 2 8 10 2 2 8 10 10 10 8
left_child=10 2 5 4 11 6 18 -4 9 -5 -1 -3 13 26 22 -11 25 -13 -2 -20 -16 -19 -10 24 -24 -7 -6 28 -18 -8
right_child=1 3 7 8 12 16 29 -9 14 15 -12 17 -14 -15 20 -17 27 21 19 -21 -22 -23 23 -25 -26 -27 -28 -29 -30 -31
leaf_value=-0.0083763554422124978 -0.00061190589060132364 -0.0019198795493201499 0.0089950609097726123 0.00037803359338709684 -0.010820744891476351 -0.0025511481312862207 0.011669511214170295 -0.003988650262215023 -0.00026874500684300205 0.0011108684862901107 -0.0027823734917258552 -0.010802123959044861 -0.00024230933549475561 0.00040097321224646996 -0.0015609230882138662 0.0048393832779071435 0.0008939119040197428 -0.0079367539282564539 0.0011225053883628779 0.0096961609426531887 -0.0068696193542334763 0 0.0069358727708950796 -0.00015820991726692634 0.0012725224450184033 0.00012249758900875819 -0.0038961386969788639 6.7213219944151117e-05 0.0031539321506811255 0
leaf_weight=1317 1019 758 545 25665 199 1353 449 85 30476 2236 472 386 7643 396 1837 1045 3299 215 341 172 316 247 354 998 624 2290 420 3525 1934 52
leaf_count=1317 1019 758 545 25665 199 1353 449 85 30476 2236 472 386 7643 396 1837 1045 3299 215 341 172 316 247 354 998 624 2290 420 3525 1934 52
internal_value=-8.05819e-06 0.0001308 0.00116856 -8.03204e-05 -0.00127529 0.000903091 0.0033284 0.00716051 0.000111907 0.000599358 -0.00693078 -0.00466299 -0.000640657 -0.00358783 -0.000294391 0.00231475 0.000501222 -0.00705092 0.000937501 0.00410765 -0.00236613 -0.00379224 -0.000155333 0.00156778 0.00337851 -0.000857193 -0.00621681 0.00107201 0.00173916 0.0105235
internal_weight=90668 88879 15064 73815 10264 14434 2033 630 63551 28946 1789 1606 8658 1015 34605 3281 12401 848 1532 513 2153 462 32452 1976 978 3643 619 8758 5233 501
internal_count=90668 88879 15064 73815 10264 14434 2033 630 63551 28946 1789 1606 8658 1015 34605 3281 12401 848 1532 513 2153 462 32452 1976 978 3643 619 8758 5233 501
is_linear=0
shrinkage=0.05


Tree=4
num_leaves=31
num_cat=0
split_feature=1 165 165 80 165 165 9 28 17 165 165 89 162 16 29 16 165 38 17 24 39 82 28 165 81 158 37 158 140 92
split_gain=37.743 11.6271 8.57692 8.29452 6.97655 7.32101 6.40887 5.96297 5.72523 5.27714 13.8456 5.04342 4.79173 4.6794 3.96044 7.64101 3.7986 3.4438 3.79564 2.94511 2.94355 2.65362 2.36165 2.31089 2.28376 2.55457 2.19258 2.27937 2.12142 2.08672
threshold=0.12111108377575876 0.48259541416974799 0.93638005780346834 0.57500001788139354 0.47367222622470884 0.4572547044428506 1.0710268616676333 -0.044150076806545251 0.83275443315505993 0.47000914378222819 0.47069297702123963 0.40538659691810613 0.88476453632007335 1.2992014884948733 0.0010582448448985817 1.4102833271026614 0.4836379504342056 -0.006950829178094863 0.74410033226013195 0.054846787825226791 0.0097559019923210161 0.7916666865348817 -0.0035782962804660197 0.45421889633311724 0.21666666865348819 0.46626305560984088 0.83441525697708141 0.30933010971492647 0.88114619255065929 0.55470338463783275
decision_type=2 10 10 2 8 10 2 8 10 10 10 8 2 10 10 10 10 10 10 10 10 2 8 10 2 2 10 2 10 10
left_child=1 4 3 13 5 23 11 -8 9 -7 -11 14 19 16 22 24 -3 18 29 -2 -5 -10 -6 -1 25 -16 -19 -28 -14 -13
right_child=12 2 -4 20 6 8 7 -9 21 10 -12 17 28 -15 15 -17 -18 26 -20 -21 -22 -23 -24 -25 -26 -27 27 -29 -30 -31
leaf_value=0.0002437883936903316 -0.0025788600148690705 0.0075893380636181743 -0.00095481051970761088 0.0020499534989622506 0.00074461085651426797 -0.0014377173290662407 0.0088191449200371065 0.0011921360019305606 -0.0012699172193660594 -0.013680358489545586 -0.0025821748035997627 -0.0046657494644237697 -0.005425936316465034 0.0097131987079229053 0.0050296480567377008 0.011164987753258974 0.0030000293069917879 -3.7515363541845833e-05 -0.00046597678389722605 -0.0074335838357347016 -0.0018231907897507133 0.00098205032305600571 -0.00041253256573935251 0.0030940887433702231 0.00055459880985909342 0.0016237148121335304 0.006585503793230767 0.0010644363013468004 -0.00030192695202905747 -0.0014195877727712686
leaf_weight=2842 418 561 1759 1143 11223 1736 409 735 7128 388 1076 949 326 382 688 204 2849 25085 6857 1861 850 1576 7203 969 4414 3302 217 1658 589 1164
leaf_count=2842 418 561 1759 1143 11223 1736 409 735 7128 388 1076 949 326 382 688 204 2849 25085 6857 1861 850 1576 7203 969 4414 3302 217 1658 589 1164
internal_value=8.69496e-06 0.000204442 0.00208066 0.00301228 2.64724e-05 -0.000916911 0.000258518 0.00396791 -0.00152915 -0.0033427 -0.00556496 0.000190265 -0.00532842 0.00438583 0.000706549 0.00159321 0.00377171 -0.000196808 -0.00104581 -0.00656661 0.000372924 -0.000856352 0.000289555 0.000982255 0.00135361 0.00222464 8.38407e-05 0.00173323 -0.00218605 -0.00290269
internal_weight=90561 87367 7544 5785 79823 15715 64108 1144 11904 3200 1464 62964 3194 3792 27034 8608 3410 35930 8970 2279 1993 8704 18426 3811 8404 3990 26960 1875 915 2113
internal_count=90561 87367 7544 5785 79823 15715 64108 1144 11904 3200 1464 62964 3194 3792 27034 8608 3410 35930 8970 2279 1993 8704 18426 3811 8404 3990 26960 1875 915 2113
is_linear=0
shrinkage=0.05


Tree=5
num_leaves=31
num_cat=0
split_feature=1 89 79 16 9 76 81 5 82 8 57 154 28 37 5 158 42 5 79 158 59 36 52 161 113 87 81 87 17 159
split_gain=35.9378 6.4873 5.4705 11.9915 4.44708 4.09532 4.05435 4.03605 3.80852 5.87259 4.68504 3.33709 3.1282 2.61535 2.53385 2.83828 2.49912 2.29684 2.42397 2.95914 2.2649 2.02787 1.9941 1.969 1.91594 1.82444 2.05411 1.73913 1.70198 2.50145
threshold=0.12535332143306735 0.45607632398605352 0.45000000298023229 1.3521531224250796 1.0767771601676943 0.11666667088866235 0.21666666865348819 0.037703869864344604 0.025000001303851608 -0.72414091229438771 1.175930976867676 -0.0094479927793145162 -0.046283408999443047 0.70737901329994213 0.037703869864344604 0.41408187242862943 -0.12870077043771741 0.024495338089764122 0.25000000745058065 0.38377413716039938 1.1104182004928591 0.67319339513778698 0.75941592454910289 0.22573755609114973 0.080875147134065642 0.85833334922790538 0.25000000745058065 -0.30833333730697626 0.62767717242240917 0.96339001293721072
decision_type=2 8 2 10 2 2 2 2 2 2 2 10 8 10 2 2 10 2 2 2 2 10 2 2 10 2 2 2 8 2
left_child=1 2 3 6 13 21 14 16 9 10 11 -3 -6 22 15 -1 -2 18 19 -10 27 -5 -4 -21 -19 -8 -27 -20 29 -11
right_child=7 8 4 5 12 -7 25 -9 17 28 -12 -13 -14 -15 -16 -17 -18 24 20 23 -22 -23 -24 -25 -26 26 -28 -29 -30 -31
leaf_value=0.0049153798940477006 -0.0066453271772443038 -0.0081182961604551514 -0.0015478076495925007 0.011761983040313768 0.008311582486124033 5.1032480658721872e-05 0.00055974852867843783 -0.0069638087171498206 0.0044945365390092256 -0.0080841695079081032 0.0019830466442872082 -0.0016292343311098462 0.0013006517314284411 0.0010260395353547489 -0.0025583332087090144 0.0017653408369044934 -0.0011834026729890461 0.0028744019407205188 0.00045939375022912958 -0.00021553291482356754 0.0052982048187202417 0.0021869269293089064 -5.071541552365399e-07 0.0010930767300989437 -0.0015796488632372843 -0.0079658193160280326 -0.00075252157222780672 -0.00051431764936415438 -0.00028417990188274423 -0.00059449672982999941
leaf_weight=841 317 651 2369 408 274 134 7529 1815 484 181 212 316 429 5712 286 5931 707 252 6151 5249 183 80 17689 6214 3337 123 596 17595 4373 331
leaf_count=841 317 651 2369 408 274 134 7529 1815 484 181 212 316 429 5712 286 5931 707 252 6151 5249 183 80 17689 6214 3337 123 596 17595 4373 331
internal_value=8.03734e-06 0.000187384 0.000632719 0.00136538 0.000189977 0.00817766 0.00108476 -0.00552723 -0.000226261 -0.00139306 -0.00456543 -0.0060533 0.00411217 8.0885e-05 0.00196579 0.00216459 -0.00292787 -4.56784e-05 7.36656e-05 0.000656325 -0.000215164 0.0103022 -0.000185816 0.000489526 -0.00125227 0.000324632 -0.0020653 -0.00025998 -0.000616393 -0.00335028
internal_weight=90769 87930 42401 15928 26473 622 15306 2839 45529 6064 1179 967 703 25770 7058 6772 1024 39465 35876 11947 23929 488 20058 11463 3589 8248 719 23746 4885 512
internal_count=90769 87930 42401 15928 26473 622 15306 2839 45529 6064 1179 967 703 25770 7058 6772 1024 39465 35876 11947 23929 488 20058 11463 3589 8248 719 23746 4885 512
is_linear=0
shrinkage=0.05


Tree=6
num_leaves=31
num_cat=0
split_feature=1 165 165 80 77 82 158 159 53 16 12 92 165 17 159 16 45 82 80 152 126 39 47 142 80 26 5 161 158 165
split_gain=34.8145 12.1016 7.03954 6.98643 5.11606 6.47152 10.7936 6.22127 6.04663 4.27559 3.87176 3.84159 3.57919 3.54431 7.1082 3.46135 7.82331 5.06253 2.8409 2.76506 2.94236 2.75195 2.5576 2.54644 2.46986 2.15873 2.07042 2.3171 1.83233 1.74498
threshold=0.13785236328840259 0.48259541416974799 0.69635406901140118 0.57500001788139354 0.35833333432674414 0.025000001303851608 0.42777667117288526 0.66549774002962292 1.1905371546745303 1.2892321944236758 1.0064240097999575 0.27504266798496252 0.4836379504342056 0.65963563323020946 0.9099861747384691 1.2892321944236758 1.1754056811332705 0.058333335444331176 0.27500000596046453 0.4782328754663468 0.29852725565433508 0.0087014990858733671 1.129971504211426 1.4115215539932253 0.075000001117587103 0.17079202085733416 0.03637411072850228 0.32641988413811268 0.38377413716039938 0.47367222622470884
decision_type=2 10 10 2 2 2 2 2 2 10 2 10 10 10 2 10 2 2 2 10 10 10 2 10 2 10 2 2 2 8
left_child=1 4 3 9 8 6 11 10 15 12 -8 -6 -3 14 -9 24 17 -17 -18 22 29 -5 28 -2 -1 -10 27 -22 -7 -21
right_child=23 2 -4 21 5 19 7 13 25 -11 -12 -13 -14 -15 -16 16 18 -19 -20 20 26 -23 -24 -25 -26 -27 -28 -29 -30 -31
leaf_value=0.0012691110201972205 -0.0070495431785688699 0.0072846097980565003 -0.00049811305846148989 0.002113956706042525 -0.011451088093219831 0.003597594402300933 -0.0022122654737237019 -0.011970783951293145 0.0081566490756639683 0.0090054606405652656 -0.0089322372554409401 -0.0039623685540292252 0.0028020381383194641 0.0004933970343441829 -0.0010319248432313153 0.011974983217788355 -0.0039749003770919713 0.0024491617052685901 0.0014313191794860312 -0.00082736588229192316 0.0011449027201236347 -0.0016569226653406985 -0.0020056371623669643 -0.0022805908381470464 3.0014649860718422e-06 -0.0037875108685143095 -0.0031806394583629156 0.0047682489010415149 -0.00046745551464839625 9.8246092816264759e-05
leaf_weight=4748 1803 555 2001 1123 342 289 618 174 334 422 353 403 2790 3516 1085 290 281 300 1650 6270 2928 838 3328 372 20815 36 222 537 5562 26828
leaf_count=4748 1803 555 2001 1123 342 289 618 174 334 422 353 403 2790 3516 1085 290 281 300 1650 6270 2928 838 3328 372 20815 36 222 537 5562 26828
internal_value=-9.58655e-06 0.000143249 0.00203347 0.00292651 -3.67236e-05 -0.000330129 -0.00180841 -0.00106346 0.000502405 0.00418791 -0.00471338 -0.00747791 0.00356268 -0.000309941 -0.00259171 0.00041672 0.0021864 0.00722829 0.000617074 -0.000120244 7.22255e-05 0.000477028 -0.000896941 -0.00625829 0.000240161 0.00685267 0.00141254 0.00172208 -0.000257545 -7.56085e-05
internal_weight=90813 88638 7729 5728 80909 52455 6491 5746 28454 3767 971 745 3345 4775 1259 28084 2521 590 1931 45964 36785 1961 9179 2175 25563 370 3687 3465 5851 33098
internal_count=90813 88638 7729 5728 80909 52455 6491 5746 28454 3767 971 745 3345 4775 1259 28084 2521 590 1931 45964 36785 1961 9179 2175 25563 370 3687 3465 5851 33098
is_linear=0
shrinkage=0.05


Tree=7
num_leaves=31
num_cat=0
split_feature=1 165 165 165 165 5 52 165 165 165 79 16 100 5 9 33 158 32 165 9 165 8 12 23 17 130 165 28 158 92
split_gain=29.95 9.80018 5.13231 5.47146 5.71256 5.15032 4.93875 4.77764 7.65177 5.91173 3.81646 9.1175 5.40547 5.27646 4.99604 4.46737 3.74623 4.64536 3.69541 3.86649 3.55962 3.19153 3.07336 2.88134 2.71311 2.59516 2.54183 2.45872 3.29876 2.49051
threshold=0.13785236328840259 0.48114980933334034 0.4572547044428506 0.47367222622470884 0.47690920648823543 0.031102173961699012 0.87393006682395946 0.90543474613924457 0.48792455926481626 0.49139534883720937 0.45000000298023229 1.4102833271026614 0.42499999701976782 0.035087725147604949 1.0710268616676333 0.79048582911491405 0.47810202993383205 0.0055984833743423232 0.48707055021084267 1.0152539610862734 0.47708183435420332 -0.6666644513607024 1.0084010958671572 0.046034052968025214 0.59424221515655529 0.82325774431228649 0.45087573835137712 -0.012113474309444426 0.44430294136892029 0.48495005071163183
decision_type=2 10 10 10 10 2 2 10 10 10 2 10 2 2 2 10 2 10 10 2 10 2 2 8 8 2 10 10 2 10
left_child=1 2 10 6 5 22 21 8 18 -10 11 13 -13 16 26 -16 17 -1 19 -3 -6 -4 -5 -19 -15 -2 27 -12 29 -29
right_child=25 7 3 4 20 -7 -8 -9 9 -11 14 12 -14 24 15 -17 -18 23 -20 -21 -22 -23 -24 -25 -26 -27 -28 28 -30 -31
leaf_value=0.0014871899701021584 -0.0040055868600537723 0.00087161378516633639 -0.0048817539892118556 0.0010865041948223656 -0.0040032502222128686 -0.0030953412695344813 -0.00023618496935286644 -0.00054948455750856019 0.0079981661368796857 0.0014007017194121718 0.00031464114405325511 -0.00017381178195330694 0.011240531257881006 -0.0065062687660634062 0.00019393439857897952 0.0074168691965900424 0.0005230955089301476 0.0087889278180650048 -0.0023799030325231153 0.0035991164333179582 -0.00050151149600352152 -0.0018210898457625528 0.0042146294978618925 -0.0002887304299017132 -0.0010715485068512906 -0.0076586306929720856 0.0018164262197383732 -0.0040333449305910004 -0.00040678499003999951 -0.00066749993331090979
leaf_weight=2011 1067 3927 1035 4795 843 637 5196 1983 894 581 10016 140 323 332 479 409 17654 404 570 1996 5611 5705 962 98 843 1061 1455 1185 17377 1102
leaf_count=2011 1067 3927 1035 4795 843 637 5196 1983 894 581 10016 140 323 332 479 409 17654 404 570 1996 5611 5705 962 98 843 1061 1455 1185 17377 1102
internal_value=6.5719e-06 0.000148 -3.85197e-05 -0.000634439 7.79445e-05 0.00114069 -0.00140539 0.00162637 0.00217415 0.00543602 0.000234937 0.000745431 0.00768842 0.000592111 -0.000111118 0.00358156 0.000783836 0.00259473 0.00142473 0.00179965 -0.000967192 -0.00229916 0.00161854 0.00692034 -0.00265389 -0.00585319 -0.000218154 -0.000319637 -0.000645253 -0.00243435
internal_weight=90691 88563 78612 24784 12848 6394 11936 9951 7968 1475 53828 21805 463 21342 32023 888 20167 2513 6493 5923 6454 6740 5757 502 1175 2128 31135 29680 19664 2287
internal_count=90691 88563 78612 24784 12848 6394 11936 9951 7968 1475 53828 21805 463 21342 32023 888 20167 2513 6493 5923 6454 6740 5757 502 1175 2128 31135 29680 19664 2287
is_linear=0
shrinkage=0.05


Tree=8
num_leaves=31
num_cat=0
split_feature=1 165 165 80 0 38 82 8 53 16 102 73 157 158 92 122 12 157 165 165 77 80 163 82 119 1 16 56 1 0
split_gain=27.5875 8.10129 5.99524 6.14323 4.72911 5.20066 4.31936 6.66564 4.11415 3.97535 3.91256 3.49 3.35945 2.88794 2.82619 2.77839 4.22222 2.56951 2.53476 2.22541 2.13011 1.99438 1.94633 1.81307 1.95658 2.37524 1.72786 4.79329 1.64615 1.55404
threshold=0.12535332143306735 0.48259541416974799 0.93638005780346834 0.57500001788139354 -0.071069378405809389 0.0079775443300604838 0.025000001303851608 -0.77777883410453785 1.1601572632789614 1.3891803026199343 0.4916666597127915 0.90000000596046459 0.050358632579445846 0.43982146180105497 0.37424072623252874 0.34845131635665899 1.0005638003349306 -0.00074197424692101766 0.4836379504342056 0.48493194034231629 0.19166667014360431 0.075000001117587103 0.66161765677658113 0.99166667461395275 0.41983753442764288 0.088206529617309584 1.3363880515098574 1.1717621088027956 0.042037673294544227 -0.018506219610571858
decision_type=2 10 10 2 2 10 2 2 2 10 2 2 10 2 10 10 2 10 10 10 2 2 2 2 10 2 10 2 2 2
left_child=1 4 3 9 8 6 7 10 -1 18 -6 29 21 20 -12 16 -7 26 -3 -5 -9 -8 -18 24 25 -23 -17 -28 -25 -2
right_child=11 2 -4 19 5 15 12 13 -10 -11 14 -13 -14 -15 -16 17 22 -19 -20 -21 -22 23 -24 28 -26 -27 27 -29 -30 -31
leaf_value=0.00074506875813496961 -0.00020066101408959715 0.0063967679483495909 -0.00075217723262793225 0.0027693371270461212 -0.00092685408486542368 0.0014048145989065612 0.00076755803329509118 -0.00032293089720494649 0.0074065320354058002 0.009130752902313027 -0.0092953354941868304 -0.0016402596954971421 -0.0012967610330690724 -0.00019975955271567684 -0.0034479348551865068 0.00082190001076730456 0.011982365098580286 -5.9858031009217679e-07 0.0025817565136389709 -0.00082175776597629064 -0.0056856290148498689 0.000570901287612897 0.0022400066876704758 6.0704662267212438e-05 -0.00043901210101169095 -0.0034806428196012631 0.01220221716836095 0.0017503902587183446 0.0032112427377919725 -0.0061867915040620487
leaf_weight=602 133 541 1816 619 525 1098 7762 346 397 318 459 692 5258 5056 446 8397 163 12228 2952 1395 457 9120 96 994 24224 373 124 1110 754 2009
leaf_count=602 133 541 1816 619 525 1098 7762 346 397 318 459 692 5258 5056 446 8397 163 12228 2952 1395 457 9120 96 994 24224 373 124 1110 754 2009
internal_value=2.16585e-05 0.000179256 0.00173473 0.00251862 3.00236e-05 -1.26026e-05 -0.000274975 -0.00141027 0.00344708 0.00369981 -0.00447562 -0.00483211 -0.000103243 -0.000652945 -0.00647581 0.000615551 0.00281758 0.000476439 0.0031886 0.000257973 -0.00344039 4.08024e-05 0.00858611 -0.000116865 -0.000199586 0.000406091 0.00108724 0.00285017 0.00144934 -0.0058387
internal_weight=90464 87630 7641 5825 79989 78990 55774 7289 999 3811 1430 2834 48485 5859 905 23216 1357 21859 3493 2014 803 43227 259 35465 33717 9493 9631 1234 1748 2142
internal_count=90464 87630 7641 5825 79989 78990 55774 7289 999 3811 1430 2834 48485 5859 905 23216 1357 21859 3493 2014 803 43227 259 35465 33717 9493 9631 1234 1748 2142
is_linear=0
shrinkage=0.05


Tree=9
num_leaves=31
num_cat=0
split_feature=1 165 74 77 53 165 165 81 81 158 92 158 165 17 16 79 70 80 25 17 165 80 24 74 159 92 76 165 9 89
split_gain=25.1079 9.38413 4.84359 4.58024 5.01187 4.4356 3.97149 3.86224 5.37841 5.78478 3.54634 3.48487 3.40988 3.31541 3.12824 5.45779 3.06613 2.5251 2.43867 2.42082 2.29427 2.2841 2.28861 2.21308 2.19609 3.45239 2.3389 2.16509 2.0735 1.87111
threshold=0.13785236328840259 0.48114980933334034 0.35000000894069677 0.35833333432674414 1.1905371546745303 0.93638005780346834 0.48792455926481626 0.18333333730697635 0.48333333432674414 0.43443385592304878 0.40026827156543737 0.29579370221897211 0.49139534883720937 0.78395977616310131 1.2892321944236758 0.35000000894069677 0.38784532248973852 0.075000001117587103 0.10523260384798051 0.88978952169418346 0.47491696793062782 0.27500000596046453 0.043203953653573997 0.94999998807907116 0.79749891102772297 0.47047181427478796 0.61666667461395275 0.47069297702123963 1.0152539610862734 0.61325386166572582
decision_type=2 10 2 2 2 10 10 2 2 2 10 2 10 8 10 2 2 2 10 10 10 2 10 2 2 10 2 8 2 10
left_child=1 3 -3 4 14 6 28 11 9 10 19 20 -8 24 17 16 -16 -1 -18 -9 27 22 -17 -2 25 -11 -27 -5 -4 -13
right_child=23 2 5 7 -6 -7 12 8 -10 13 -12 29 -14 -15 15 21 18 -19 -20 -21 -22 -23 -24 -25 -26 26 -28 -29 -30 -31
leaf_value=0.0012384107339243396 -0.0061395605252603331 0.00020717537868309821 0.0013713510515727923 -0.0043554804932015639 0.0061340562883894258 -0.00054389048529762641 0.0076641452485717914 -0.0092756978526091684 -9.3400288019021712e-05 -0.0091722176031498112 -0.0017677074427164523 0.0004776879079965476 0.0017470495519052338 -0.0005206043228577679 0.0017823965332073224 0.0070024049418861978 0.011746603316498443 -4.3489923751847655e-05 -0.0015599019017165782 -0.0034480614757384648 -0.0049366193536274222 0.0016509506198019272 -0.0044655922346591142 -0.0017053750492440165 -0.001735051097648328 0.004100893235780583 -0.004490085516317 0.0051727263614096807 0.003847343054973717 -0.00054611359168590435
leaf_weight=4729 1748 4012 2445 59 383 991 757 428 17251 283 767 11163 396 8886 206 47 258 20113 32 370 68 1689 301 376 3035 114 233 664 1382 7416
leaf_count=4729 1748 4012 2445 59 383 991 757 428 17251 283 767 11163 396 8886 206 47 258 20113 32 370 68 1689 301 376 3035 114 233 664 1382 7416
internal_value=-7.95187e-06 0.000120487 0.00156451 -6.25446e-05 0.000453037 0.00246796 0.00307733 -0.000345606 -0.00068878 -0.00141279 -0.0042887 0.000207542 0.00567851 -0.00104989 0.000371507 0.00204714 0.00676026 0.000198564 0.0101062 -0.00664394 0.00345695 0.000872234 -0.00275786 -0.0053793 -0.00231904 -0.00504594 -0.00152034 0.00432118 0.00227931 6.63285e-05
internal_weight=90602 88478 9983 78495 27758 5971 4980 50737 31367 14116 1565 19370 1153 12551 27375 2533 496 24842 290 798 791 2037 348 2124 3665 630 347 723 3827 18579
internal_count=90602 88478 9983 78495 27758 5971 4980 50737 31367 14116 1565 19370 1153 12551 27375 2533 496 24842 290 798 791 2037 348 2124 3665 630 347 723 3827 18579
is_linear=0
shrinkage=0.05


end of trees

feature_importances:
regulatory_event_count_20d=66
amount_20=15
feature_ROC30=13
feature_ROC60=12
feature_IMIN60=12
feature_KLEN=11
feature_KLOW=9
feature_IMIN20=9
feature_IMIN30=9
feature_OPEN0=7
feature_CORR60=7
feature_KSFT2=6
feature_BETA5=6
momentum_60=6
feature_IMIN10=5
feature_CORR10=5
feature_VWAP0=4
feature_RESI5=4
feature_RESI10=4
feature_MIN60=4
feature_QTLU5=4
feature_IMAX60=4
feature_BETA10=3
feature_BETA60=3
feature_RSQR30=3
feature_RSQR60=3
feature_QTLD10=3
feature_IMAX10=3
feature_IMAX30=3
feature_VSUMD60=3
reversal_20=3
feature_KMID=2
feature_KUP=2
feature_STD10=2
feature_STD30=2
feature_MAX30=2
feature_MAX60=2
feature_IMAX5=2
feature_IMXD60=2
feature_CNTP20=2
feature_CNTP60=2
feature_WVMA60=2
feature_LOW0=1
feature_MA5=1
feature_STD5=1
feature_STD20=1
feature_STD60=1
feature_RSQR5=1
feature_RESI20=1
feature_RESI60=1
feature_MAX20=1
feature_MIN5=1
feature_QTLU30=1
feature_QTLU60=1
feature_QTLD5=1
feature_RANK20=1
feature_RSV20=1
feature_IMIN5=1
feature_SUMP5=1
feature_SUMN10=1
feature_SUMN60=1
feature_SUMD10=1
feature_SUMD30=1
feature_VMA20=1
feature_WVMA10=1
feature_WVMA20=1
feature_WVMA30=1
feature_VSUMN60=1
feature_VSUMD10=1
volatility_20=1
volume_ratio_20_60=1

parameters:
[boosting: gbdt]
[objective: regression]
[metric: l2]
[tree_learner: serial]
[device_type: cpu]
[data_sample_strategy: bagging]
[data: ]
[valid: ]
[num_iterations: 400]
[learning_rate: 0.05]
[num_leaves: 31]
[num_threads: 20]
[seed: 42]
[deterministic: 0]
[force_col_wise: 0]
[force_row_wise: 0]
[histogram_pool_size: -1]
[max_depth: -1]
[min_data_in_leaf: 20]
[min_sum_hessian_in_leaf: 0.001]
[bagging_fraction: 0.8]
[pos_bagging_fraction: 1]
[neg_bagging_fraction: 1]
[bagging_freq: 1]
[bagging_seed: 400]
[bagging_by_query: 0]
[feature_fraction: 0.8]
[feature_fraction_bynode: 1]
[feature_fraction_seed: 30056]
[extra_trees: 0]
[extra_seed: 12879]
[early_stopping_round: 0]
[early_stopping_min_delta: 0]
[first_metric_only: 0]
[max_delta_step: 0]
[lambda_l1: 1]
[lambda_l2: 1]
[linear_lambda: 0]
[min_gain_to_split: 0]
[drop_rate: 0.1]
[max_drop: 50]
[skip_drop: 0.5]
[xgboost_dart_mode: 0]
[uniform_drop: 0]
[drop_seed: 17869]
[top_rate: 0.2]
[other_rate: 0.1]
[min_data_per_group: 100]
[max_cat_threshold: 32]
[cat_l2: 10]
[cat_smooth: 10]
[max_cat_to_onehot: 4]
[top_k: 20]
[monotone_constraints: ]
[monotone_constraints_method: basic]
[monotone_penalty: 0]
[feature_contri: ]
[forcedsplits_filename: ]
[refit_decay_rate: 0.9]
[cegb_tradeoff: 1]
[cegb_penalty_split: 0]
[cegb_penalty_feature_lazy: ]
[cegb_penalty_feature_coupled: ]
[path_smooth: 0]
[interaction_constraints: ]
[verbosity: -1]
[saved_feature_importance_type: 0]
[use_quantized_grad: 0]
[num_grad_quant_bins: 4]
[quant_train_renew_leaf: 0]
[stochastic_rounding: 1]
[linear_tree: 0]
[max_bin: 255]
[max_bin_by_feature: ]
[min_data_in_bin: 3]
[bin_construct_sample_cnt: 200000]
[data_random_seed: 175]
[is_enable_sparse: 1]
[enable_bundle: 1]
[use_missing: 1]
[zero_as_missing: 0]
[feature_pre_filter: 1]
[pre_partition: 0]
[two_round: 0]
[header: 0]
[label_column: ]
[weight_column: ]
[group_column: ]
[ignore_column: ]
[categorical_feature: ]
[forcedbins_filename: ]
[precise_float_parser: 0]
[parser_config_file: ]
[objective_seed: 16083]
[num_class: 1]
[is_unbalance: 0]
[scale_pos_weight: 1]
[sigmoid: 1]
[boost_from_average: 1]
[reg_sqrt: 0]
[alpha: 0.9]
[fair_c: 1]
[poisson_max_delta_step: 0.7]
[tweedie_variance_power: 1.5]
[lambdarank_truncation_level: 30]
[lambdarank_norm: 1]
[label_gain: ]
[lambdarank_position_bias_regularization: 0]
[eval_at: ]
[multi_error_top_k: 1]
[auc_mu_weights: ]
[num_machines: 1]
[local_listen_port: 12400]
[time_out: 120]
[machine_list_filename: ]
[machines: ]
[gpu_platform_id: -1]
[gpu_device_id: -1]
[gpu_device_id_list: ]
[gpu_use_dp: 0]
[num_gpu: 1]

end of parameters

pandas_categorical:[]
