tree
version=v4
num_class=1
num_tree_per_iteration=1
label_index=0
max_feature_idx=167
objective=regression
feature_names=feature_KMID feature_KLEN feature_KMID2 feature_KUP feature_KUP2 feature_KLOW feature_KLOW2 feature_KSFT feature_KSFT2 feature_OPEN0 feature_HIGH0 feature_LOW0 feature_VWAP0 feature_ROC5 feature_ROC10 feature_ROC20 feature_ROC30 feature_ROC60 feature_MA5 feature_MA10 feature_MA20 feature_MA30 feature_MA60 feature_STD5 feature_STD10 feature_STD20 feature_STD30 feature_STD60 feature_BETA5 feature_BETA10 feature_BETA20 feature_BETA30 feature_BETA60 feature_RSQR5 feature_RSQR10 feature_RSQR20 feature_RSQR30 feature_RSQR60 feature_RESI5 feature_RESI10 feature_RESI20 feature_RESI30 feature_RESI60 feature_MAX5 feature_MAX10 feature_MAX20 feature_MAX30 feature_MAX60 feature_MIN5 feature_MIN10 feature_MIN20 feature_MIN30 feature_MIN60 feature_QTLU5 feature_QTLU10 feature_QTLU20 feature_QTLU30 feature_QTLU60 feature_QTLD5 feature_QTLD10 feature_QTLD20 feature_QTLD30 feature_QTLD60 feature_RANK5 feature_RANK10 feature_RANK20 feature_RANK30 feature_RANK60 feature_RSV5 feature_RSV10 feature_RSV20 feature_RSV30 feature_RSV60 feature_IMAX5 feature_IMAX10 feature_IMAX20 feature_IMAX30 feature_IMAX60 feature_IMIN5 feature_IMIN10 feature_IMIN20 feature_IMIN30 feature_IMIN60 feature_IMXD5 feature_IMXD10 feature_IMXD20 feature_IMXD30 feature_IMXD60 feature_CORR5 feature_CORR10 feature_CORR20 feature_CORR30 feature_CORR60 feature_CORD5 feature_CORD10 feature_CORD20 feature_CORD30 feature_CORD60 feature_CNTP5 feature_CNTP10 feature_CNTP20 feature_CNTP30 feature_CNTP60 feature_CNTN5 feature_CNTN10 feature_CNTN20 feature_CNTN30 feature_CNTN60 feature_CNTD5 feature_CNTD10 feature_CNTD20 feature_CNTD30 feature_CNTD60 feature_SUMP5 feature_SUMP10 feature_SUMP20 feature_SUMP30 feature_SUMP60 feature_SUMN5 feature_SUMN10 feature_SUMN20 feature_SUMN30 feature_SUMN60 feature_SUMD5 feature_SUMD10 feature_SUMD20 feature_SUMD30 feature_SUMD60 feature_VMA5 feature_VMA10 feature_VMA20 feature_VMA30 feature_VMA60 feature_VSTD5 feature_VSTD10 feature_VSTD20 feature_VSTD30 feature_VSTD60 feature_WVMA5 feature_WVMA10 feature_WVMA20 feature_WVMA30 feature_WVMA60 feature_VSUMP5 feature_VSUMP10 feature_VSUMP20 feature_VSUMP30 feature_VSUMP60 feature_VSUMN5 feature_VSUMN10 feature_VSUMN20 feature_VSUMN30 feature_VSUMN60 feature_VSUMD5 feature_VSUMD10 feature_VSUMD20 feature_VSUMD30 feature_VSUMD60 amount_20 momentum_60 price_vs_ma20 reversal_20 volatility_20 volume_ratio_20_60 volume_ratio_5_20 announcement_count_20d news_risk_20d shareholder_change_count_20d
feature_infos=[-0.18378382921218872:0.23204429447650909] [0:0.2587992250919342] [-1:1] [0:0.17515505850315094] [0:1] [0:0.1814553290605545] [0:1] [-0.21837836503982544:0.2587992250919342] [-1:1] [0.81165915727615356:1.2251656055450439] [1:1.2768211364746094] [0.78991591930389404:1] [0.86167383193969727:1.1553093194961548] [0.50938946008682251:1.8084112405776978] [0.38546353578567505:2.5034608840942383] [0.20094425976276398:3.1202185153961182] [0.18492695689201355:5.7117090225219727] [0.13746649026870728:7.1328182220458984] [0.73912703990936279:1.3500000238418579] [0.58375918865203857:1.6204214096069336] [0.48958152532577515:2.2400727272033691] [0.40701004862785339:2.491147518157959] [0.28582838177680969:3.7705175876617432] [0:0.31421336531639099] [0.00023446726845577359:0.44042909145355225] [0.0005574155948124826:0.84243810176849365] [0.0005574155948124826:1.5140218734741211] [0.0005574155948124826:2.5884873867034912] [-0.18953272700309753:0.11699225753545761] [-0.14318288862705231:0.091486923396587372] [-0.13684648275375366:0.091486923396587372] [-0.153787761926651:0.091486923396587372] [-0.13677342236042023:0.091486923396587372] [0:1] [0:1] [0:1] [2.2261162995574702e-15:1] [8.3690260277435868e-10:1] [-0.11662719398736954:0.098536819219589233] [-0.23734408617019653:0.19709315896034241] [-0.45356476306915283:0.34632593393325806] [-0.59292685985565186:0.92638540267944336] [-1.1882275342941284:1.6086900234222412] [1:1.7841874361038208] [1:2.2531874179840088] [1:3.1650238037109375] [1:5.7535200119018555] [1:9.3708133697509766] [0.50947773456573486:1] [0.34822705388069153:1] [0.19764620065689087:1] [0.18116329610347748:1] [0.079663857817649841:1] [0.86649966239929199:1.6521495580673218] [0.72217452526092529:2.0949892997741699] [0.58081799745559692:3.0763568878173828] [0.47937741875648499:3.5877678394317627] [0.33353924751281738:7.2022075653076172] [0.58712047338485718:1.184606671333313] [0.39663863182067871:1.3228549957275391] [0.22801922261714935:1.6053929328918457] [0.19504037499427795:1.7554135322570801] [0.12582564353942871:2.6131875514984131] [0.20000000298023224:1] [0.10000000149011612:1] [0.05000000074505806:1] [0.033333335071802139:1] [0.01666666753590107:1] [0:1] [0:1] [0:1] [0:1] [0:1] [0.20000000298023224:1] [0.10000000149011612:1] [0.05000000074505806:1] [0.033333335071802139:1] [0.01666666753590107:1] [0.20000000298023224:1] [0.10000000149011612:1] [0.05000000074505806:1] [0.033333335071802139:1] [0.01666666753590107:1] [-0.80000001192092896:0.80000001192092896] [-0.89999997615814209:0.89999997615814209] [-0.94999998807907104:0.94999998807907104] [-0.96666663885116577:0.96666663885116577] [-0.98333334922790527:0.98333334922790527] [-1:1] [-1:1] [-1:1] [-1:1] [-1:1] [-1:1] [-1:1] [-1:1] [-1:1] [-1:1] [0:1] [0:1] [0:0.94999998807907104] [0:0.86666667461395264] [0:0.76666665077209473] [0:1] [0:1] [0:0.94999998807907104] [0:0.86666667461395264] [0:0.83333331346511841] [-1:1] [-1:1] [-0.94999998807907104:0.89999997615814209] [-0.76666665077209473:0.76666665077209473] [-0.75:0.55000001192092896] [0:1] [0:1] [0:1] [0:1] [0:1] [0:1] [0:1] [0:1] [0:1] [0:1] [-1:1] [-1:1] [-1:1] [-1:1] [-1:1] [0.20471267402172089:235.782958984375] [0.10461504012346268:383.34182739257812] [0.075067855417728424:425.7928466796875] [0.056173093616962433:430.86871337890625] [0.033522188663482666:438.94296264648438] [0.00029457567143253982:408.0859375] [0.0027553131803870201:414.00186157226562] [0.0027553131803870201:307.87985229492188] [0.0027553131803870201:262.36935424804688] [0.0027553131803870201:275.11691284179688] [0:2.2360680103302002] [0.018472533673048019:3.0074613094329834] [0.068585917353630066:3.8974208831787109] [0.068585917353630066:4.5948772430419922] [0.068585917353630066:5.3810009956359863] [0:1] [0:1] [0:1] [0:1] [0:1] [0:1] [0:1] [0:1] [0:1] [0:1] [-1:1] [-1:1] [-1:1] [-1:1] [-1:1] [0.00038284839203675346:0.99851190476190477] [0.00022487069934787497:1] [0.00021706099413935315:1] [0.00022351363433169424:1] [0.00021734405564007825:1] [0.00025176233635448137:1] [0.00022168033695411216:1] [0.027347781217750257:1] [0.39795918367346939:1] [0.38775510204081631:1]
tree_sizes=3011 3067 3012 3049 3019 2984 3037 3016 3063 3034

Tree=0
num_leaves=31
num_cat=0
split_feature=1 57 48 100 82 121 9 82 11 102 139 161 44 152 71 161 82 159 158 102 5 80 86 37 158 25 92 53 32 5
split_gain=56.8039 9.64465 15.5173 9.06676 7.31878 7.28359 7.08243 6.43193 9.94736 6.47018 5.47528 5.13858 4.19311 3.97252 3.95297 3.88855 3.86384 3.81581 3.61967 4.44128 3.61424 3.22329 3.07667 2.89323 3.39821 2.65628 2.62947 2.44313 2.34055 2.23323
threshold=0.12535332143306735 1.2957590222358706 0.94281196594238292 0.47499999403953558 0.058333335444331176 0.2973166704177857 1.0663143396377566 0.025000001303851608 0.99506512284278881 0.52500000596046459 0.84619471430778515 0.20246156176626526 1.0983616113662722 0.47334541380405432 0.6754380762577058 0.5227170834063366 0.075000002980232253 0.71318255388022844 0.43982146180105497 0.50833332538604747 0.031993260607123382 0.32500000298023229 -1.0000000180025095e-35 0.81603989005088817 0.48257315371367965 0.11504753679037096 0.27504266798496252 1.1525650620460512 0.004874404054135085 0.042628265917301185
decision_type=2 2 2 2 2 8 2 2 2 2 8 2 2 10 2 2 2 2 2 2 2 2 2 10 2 10 10 2 10 2
left_child=1 5 12 6 25 11 22 8 18 -10 -2 -1 16 -9 23 -16 -3 -11 19 -7 -13 -14 -4 -15 -25 -5 -21 -6 -19 -12
right_child=10 2 3 4 27 7 -8 13 9 17 29 20 21 14 15 -17 -18 28 -20 26 -22 -23 -24 24 -26 -27 -28 -29 -30 -31
leaf_value=0.0027812336611695394 -0.0069817027823449217 0.012605714846088589 0.0038484928507043787 0.015902514695460491 0.0051662676445322579 0.0019345602588318987 0.010078458713238696 0.00078708432739140041 -6.6286101832835169e-06 -0.0093234447341240048 -0.00010371768024360095 0.0078211961931852134 -0.002621787686148523 0.0017030064937737963 0.0024447759552447567 0.004935706774436369 0.0025940479724657025 0.00098022469738630715 0.0017249479262873208 -0.0093515612263237041 -0.0018420938338384544 0.0011916475119987035 1.1449842182043035e-05 0.0070370108375089604 0.0025073137902963472 0.001800684711733498 -0.0016341816560762131 0.010732061750008473 -0.0062462850917169672 -0.0047234368107659146
leaf_weight=2771 1717 122 2833 341 941 459 416 7121 1136 419 584 981 775 41280 11754 1828 512 255 7263 198 100 2086 626 517 2269 31 314 274 227 543
leaf_count=2771 1717 122 2833 341 941 459 416 7121 1136 419 584 981 775 41280 11754 1828 512 255 7263 198 100 2086 626 517 2269 31 314 274 227 543
internal_value=0.00177695 0.00200158 0.00355638 0.00522269 0.00841968 0.0018244 0.0038991 0.00171618 0.000553445 -0.00257704 -0.00517694 0.00394507 0.000966335 0.00189981 0.00203815 0.00278392 0.00461331 -0.00575683 0.0013344 -0.00153234 0.00687852 0.000139993 0.00313931 0.00180713 0.00336741 0.0146276 -0.00473202 0.00646887 -0.00253627 -0.00237768
internal_weight=90693 87849 8957 5462 1587 78892 3875 75040 10271 2037 2844 3852 3495 64769 57648 13582 634 901 8234 971 1081 2861 3459 44066 2786 372 512 1215 482 1127
internal_count=90693 87849 8957 5462 1587 78892 3875 75040 10271 2037 2844 3852 3495 64769 57648 13582 634 901 8234 971 1081 2861 3459 44066 2786 372 512 1215 482 1127
is_linear=0
shrinkage=1


Tree=1
num_leaves=31
num_cat=0
split_feature=1 57 39 82 9 81 81 82 158 59 73 89 159 86 25 32 28 117 24 79 38 76 87 81 165 45 165 124 167 16
split_gain=53.9993 8.50526 13.7747 8.45465 9.19605 7.59567 14.3401 19.8365 9.75478 6.64178 4.54125 4.34179 4.16018 4.02687 3.80903 3.43112 3.35024 3.00761 2.91248 2.89264 2.86143 2.6587 2.58175 2.48205 2.46926 2.40414 2.38797 2.45828 2.29252 2.23741
threshold=0.13043481856584552 1.257884204387665 -0.004298826213926076 0.058333335444331176 1.0564128160476687 0.21666666865348819 0.25000000745058065 0.025000001303851608 0.33339714139867282 1.0096209645271303 0.90000000596046459 0.4821887612342835 0.90737825292674767 -0.45000000298023218 0.088821507990360274 0.0029127235757187013 -0.040450284257531159 0.50621095299720775 0.042328258976340301 0.45000000298023229 -0.0027010934427380557 0.38333334028720861 0.90833333134651195 0.48333333432674414 0.48379501385041557 1.0644046068191531 0.48683793034209871 -0.097235042601823793 0.49705636350588583 1.4567780494689944
decision_type=2 2 8 2 2 2 2 2 2 2 2 8 2 2 10 10 8 10 8 2 10 2 2 2 8 2 8 8 10 10
left_child=1 5 3 9 14 8 7 12 21 17 -2 19 -7 -4 29 24 -6 -3 -15 28 -17 -1 -23 -16 -8 -13 -26 -28 -10 -5
right_child=10 2 13 4 16 6 15 -9 11 -11 -12 25 -14 18 23 20 -18 -19 -20 -21 -22 22 -24 -25 26 -27 27 -29 -30 -31
leaf_value=6.2342107322963295e-05 -0.0084067025994636734 0.01380991911282763 0.00094863485657391267 0.0017861512107694205 0.0094492808278962732 -0.012077541728411341 0.0011015921518170147 -0.001358734740905175 0.002180182012837731 0.0034726136976643285 -0.0031914122258103897 0.00061640658270145437 -0.0014185732174276685 0.0015042711667109495 -0.0037942883094162477 -0.0021040519515207702 0.0023524590394852028 0.00011982104947997465 -0.0026219349777875326 0.00034192168721713841 -0.00027156139130176602 0.0057027098185522956 -0.00050488057080656291 0.00092958013849115122 -0.002001147979541016 -0.00063852607597621311 -0.00052257634639127869 0.00044876882930231171 -0.00042230509756181479 0.0065506186076761709
leaf_weight=361 1938 389 3672 1787 553 668 4976 2406 5596 455 578 6021 119 537 487 3665 269 53 1871 7464 5264 1371 174 619 1569 10337 11959 14300 960 300
leaf_count=361 1938 389 3672 1787 553 668 4976 2406 5596 455 578 6021 119 537 487 3665 269 53 1871 7464 5264 1371 174 619 1569 10337 11959 14300 960 300
internal_value=-8.41994e-06 0.000197097 0.00149835 0.00346754 0.00246767 1.11796e-05 -0.000408555 -0.00363825 0.00059682 0.00787957 -0.0072302 0.000377234 -0.0105331 -8.46289e-05 0.00123359 -0.000160171 0.00719328 0.0122852 -0.00168077 0.0010234 -0.00102948 0.00406834 0.00497139 -0.00110684 7.49475e-05 -0.000173549 -0.000106866 4.48705e-06 0.00179147 0.00249778
internal_weight=90718 88202 10992 4912 4015 77210 44926 3193 32284 897 2516 30378 787 6080 3193 41733 822 442 2408 14020 8929 1906 1545 1106 32804 16358 27828 26259 6556 2087
internal_count=90718 88202 10992 4912 4015 77210 44926 3193 32284 897 2516 30378 787 6080 3193 41733 822 442 2408 14020 8929 1906 1545 1106 32804 16358 27828 26259 6556 2087
is_linear=0
shrinkage=0.05


Tree=2
num_leaves=31
num_cat=0
split_feature=11 89 32 39 81 82 158 29 18 17 81 82 38 31 40 26 114 81 5 60 18 3 160 159 142 159 17 79 5 167
split_gain=44.487 7.73112 6.73505 11.4278 6.87186 6.13978 5.38405 5.37513 5.11323 4.889 4.69928 9.59959 3.6288 3.03709 3.01184 2.97442 2.66085 2.56886 2.39968 2.21031 2.12538 2.1005 2.09104 2.08761 2.04012 2.01944 2.11346 1.92421 3.25698 2.286
threshold=0.89296352863311779 0.53139176964759838 -0.0052938591688871375 -0.004298826213926076 0.21666666865348819 0.075000002980232253 0.40726604647211256 -0.0048718855250626794 1.0760391950607302 0.78707411885261547 0.25000000745058065 0.025000001303851608 -0.0028328070184215899 0.0026845420943573122 -0.036383910104632371 0.17079202085733416 0.71746617555618297 0.18333333730697635 0.044628545641899116 1.0839326381683352 1.1348635554313662 0.030271901749074463 0.78968055937958892 0.91740293888337865 1.1512554287910464 0.82837946385798555 0.77534064650535595 0.45000000298023229 0.037703869864344604 0.49705636350588583
decision_type=2 8 10 10 2 2 2 10 2 10 2 2 10 10 10 10 8 2 2 2 2 2 2 2 10 2 8 2 2 10
left_child=14 2 3 5 6 7 13 -2 -7 12 11 23 17 -4 -1 -10 20 19 -16 -3 -11 -15 -18 -6 -9 26 -19 28 29 -8
right_child=1 9 4 -5 10 8 27 24 15 16 -12 -13 -14 21 18 -17 22 25 -20 -21 -22 -23 -24 -25 -26 -27 -28 -29 -30 -31
leaf_value=-0.0091319586152903854 0.0019633052781368632 -0.0013567143703715253 2.2530846901151926e-05 0.00034957398148476114 -0.011321056883773446 0.0016975543453309147 0.0020993909815286223 0.01495968918700117 0.0087202962191216104 -0.00025507535771983201 2.1299515400005573e-05 -0.0005525522656653918 -0.00051069515468685136 0.0056403581821199492 -0.0025454434632192009 -0.0022576079284402704 0.0029886452115267291 -0.0079218653137920619 -0.0074407910365314163 0.011757618869887666 0.0056243926192960378 0 0.0004225410573256063 0 0.0048436503092600062 -0.0023738283995515413 -0.002547553468510968 0.00030034955996128485 -0.0036144462812279184 -0.00043004447672130699
leaf_weight=1041 178 1933 445 3713 320 1385 5485 290 501 25563 24677 1171 5957 1198 514 62 1139 467 580 31 153 177 2819 51 81 1296 359 8003 296 1029
leaf_count=1041 178 1933 445 3713 320 1385 5485 290 501 25563 24677 1171 5957 1198 514 62 1139 467 580 31 153 177 2819 51 81 1296 359 8003 296 1029
internal_value=-8.2042e-06 0.000162803 0.000582992 0.00212339 0.000358551 0.00473981 0.00115381 0.00945796 0.00338028 -0.000354996 -0.00014407 -0.00282123 -0.00130862 0.00372745 -0.00713928 0.00742085 -3.05297e-05 -0.00245927 -0.00519087 -0.00111839 -0.000217933 0.00488928 0.00117419 -0.00982677 0.0129044 -0.00367565 -0.00565242 0.000833996 0.00145365 0.00169214
internal_weight=90914 88779 49062 6210 42852 2497 16633 549 1948 39717 26219 1542 10043 1820 2135 563 29674 4086 1094 1964 25716 1375 3958 371 371 2122 826 14813 6810 6514
internal_count=90914 88779 49062 6210 42852 2497 16633 549 1948 39717 26219 1542 10043 1820 2135 563 29674 4086 1094 1964 25716 1375 3958 371 371 2122 826 14813 6810 6514
is_linear=0
shrinkage=0.05


Tree=3
num_leaves=31
num_cat=0
split_feature=1 0 53 79 16 25 82 8 39 81 158 81 11 81 82 87 51 141 159 62 11 28 81 25 158 17 165 116 11 10
split_gain=46.2316 7.99872 8.71652 7.58989 18.697 8.72742 5.89288 8.09934 4.99906 4.91126 8.34631 4.54387 3.76062 3.68695 5.58662 3.67879 3.60363 3.25041 3.07034 2.77488 3.3802 2.73587 2.70943 2.45226 2.23533 2.82962 2.16084 2.14499 1.97996 1.92916
threshold=0.12535332143306735 -0.071069378405809389 1.1601572632789614 0.45000000298023229 1.3891803026199343 0.090640846639871611 0.025000001303851608 -0.78571581840515126 -0.055707795545458787 0.21666666865348819 0.41408187242862943 0.58333334326744091 0.87405452132225048 0.25000000745058065 0.025000001303851608 -0.40833333134651179 0.9276312291622163 0.82973870635032665 0.62081242277094895 0.84963443875312816 0.9672178626060487 -0.025126969441771504 0.21666666865348819 0.09270967543125154 0.44430294136892029 0.81802663207054149 0.12833497926130755 0.69080266356468212 0.96369543671607982 1.0212467908859255
decision_type=2 2 2 2 10 8 2 2 10 2 2 2 2 2 2 2 2 10 2 2 2 10 2 8 2 8 10 10 2 2
left_child=1 2 -1 4 8 16 7 11 28 10 -10 22 -2 14 29 21 -6 -17 19 20 -12 -8 -5 -14 25 -9 -24 -19 -3 -11
right_child=12 3 -4 6 5 -7 15 24 9 13 18 -13 23 -15 -16 17 -18 27 -20 -21 -22 -23 26 -25 -26 -27 -28 -29 -30 -31
leaf_value=0.00050254876091883588 -0.0081918469821271964 -0.0040903888735860042 0.0089324915758033953 -0.0037669657401160554 0.013055878184336168 -0.00014631376023836702 0.0027904854351661979 -0.0083199953644811121 0.0049183998250244033 -0.0027663711367693564 0.00016606372717523798 -0.00015462535189912505 -0.0018320393075861559 0.00033535817980409572 -0.00063943628679800652 -0.0021653908129469564 0.0025434259847092462 -0.00025165441265099489 0.00040375984337498992 0.0011370264795789538 0.0055810904777373049 0.00042665966109671651 -0.011471197275145922 -0.0061892860463763242 -0.00049531169678087455 -0.001367900527103894 0.00029902447746800524 0.0024217577899113781 -0.00078754405381195082 -0.011992277393250594
leaf_weight=736 1397 628 542 279 496 223 1414 216 1495 109 441 273 593 17210 1020 2226 113 29766 8520 2825 952 9842 404 834 4771 526 34 766 1843 174
leaf_count=736 1397 628 542 279 496 223 1414 216 1495 109 441 273 593 17210 1020 2226 113 29766 8520 2825 952 9842 404 834 4771 526 34 766 1843 174
internal_value=-7.46905e-06 0.000194448 0.00412097 0.000135855 0.000690449 0.00809838 -0.00025892 -0.00166397 0.000513792 0.00067853 0.00137725 -0.005835 -0.00630389 0.0001386 -0.0024201 -5.01576e-05 0.0111946 -0.000319174 0.000957364 0.00206338 0.003904 0.000728271 -0.00792496 -0.00441617 -0.00090496 -0.00346746 -0.010445 -0.000182868 -0.0016485 -0.00863715
internal_weight=90668 87844 1278 86566 36049 832 50517 6503 35217 32746 14233 990 2824 18513 1303 44014 609 32758 12738 4218 1393 11256 717 1427 5513 742 438 30532 2471 283
internal_count=90668 87844 1278 86566 36049 832 50517 6503 35217 32746 14233 990 2824 18513 1303 44014 609 32758 12738 4218 1393 11256 717 1427 5513 742 438 30532 2471 283
is_linear=0
shrinkage=0.05


Tree=4
num_leaves=31
num_cat=0
split_feature=11 0 28 24 16 82 80 121 80 161 82 12 158 44 152 136 159 17 17 159 24 3 80 161 15 17 158 17 79 36
split_gain=35.0741 6.7739 7.23951 6.91626 6.97494 11.9254 8.63117 6.87463 5.47109 4.8207 4.54532 9.63292 5.38685 3.69915 3.34558 3.83482 2.79266 4.58525 3.09753 3.76519 2.71899 2.58243 2.34262 2.14898 2.14585 2.07837 1.96154 3.19129 1.96109 1.90225
threshold=0.8845697045326234 -0.071069378405809389 -0.048889720812439912 0.088817130774259581 1.2992014884948733 0.058333335444331176 0.52500000596046459 0.31790092587471014 0.32500000298023229 0.32189859087598321 0.025000001303851608 1.008922874927521 0.43443385592304878 1.1769376993179324 0.48761685192584997 0.58365386724472057 0.68990454647393362 0.89583331346511852 0.67684727907180797 0.91255110434292985 0.041763219982385642 0.026295835152268413 0.52500000596046459 0.023578194818005837 0.80793151259422313 0.93567895889282238 0.43982146180105497 0.94765445590019237 0.25000000745058065 0.64589944481849682
decision_type=2 2 8 8 10 2 2 10 2 2 2 2 2 2 10 10 2 8 8 2 10 2 2 2 10 8 2 8 2 10
left_child=23 2 -2 4 7 6 13 9 20 -3 11 26 25 -6 -12 -16 17 -14 19 -18 -7 -5 29 -1 -11 -13 27 -9 -17 -10
right_child=1 3 -4 21 5 8 -8 10 22 24 14 12 16 -15 15 28 18 -19 -20 -21 -22 -23 -24 -25 -26 -27 -28 -29 -30 -31
leaf_value=-0.00076011585119854785 0.0087225554829086019 0.0010881107648434958 0.00099946145496125952 -0.00087682284498911728 0.0115730233400127 0.0026280987771221988 0.00050818646556336866 -0.0051227725352941053 0.0088050239142718756 0.0010118350579393328 -0.00052100972223940729 -0.01165373176171744 -0.010380335859905852 0 0.00082577993419785309 0.00073455361786583151 -0.013156944115568572 -0.0020542839332417288 0.00068433155823299015 -0.0011734051248856337 -0.0038651831221764967 -0.0032596656450399604 0.0012611055060294657 -0.007545641493681747 0.0064029053031677656 -0.0025827595251454133 0.00012025674126955723 0.00079778214064671045 -0.00030391425547208464 0.0011831299920332123
leaf_weight=144 463 3974 930 3668 590 194 368 485 210 278 15132 282 269 84 21561 5830 101 481 732 215 764 1709 2104 1598 737 102 6496 404 20494 162
leaf_count=144 463 3974 930 3668 590 194 368 485 210 278 15132 282 269 84 21561 5830 101 481 732 215 764 1709 2104 1598 737 102 6496 404 20494 162
internal_value=9.39859e-06 0.000147792 0.00360672 9.20664e-05 0.000206462 0.00212593 0.00681385 9.50367e-05 0.000687322 0.00189036 -2.76986e-05 -0.00104369 -0.00396277 0.0101768 0.000125765 0.000331202 -0.00277193 -0.00511698 -0.00104275 -0.00519074 -0.00249675 -0.00164394 0.00193998 -0.00701417 0.004978 -0.00938709 -0.000174013 -0.00237816 -7.20053e-05 0.00563193
internal_weight=90561 88819 1393 87426 82049 4476 1042 77573 3434 4989 72584 9567 2182 674 63017 47885 1798 750 1048 316 958 5377 2476 1742 1015 384 7385 889 26324 372
internal_count=90561 88819 1393 87426 82049 4476 1042 77573 3434 4989 72584 9567 2182 674 63017 47885 1798 750 1048 316 958 5377 2476 1742 1015 384 7385 889 26324 372
is_linear=0
shrinkage=0.05


Tree=5
num_leaves=31
num_cat=0
split_feature=1 89 79 16 25 0 81 73 82 11 53 17 5 158 159 37 102 142 5 79 158 59 17 7 118 48 161 72 158 159
split_gain=36.0697 6.98744 5.55805 12.6245 4.3278 4.1911 4.05715 3.94635 3.69602 4.70995 3.22342 3.21954 2.61295 2.64935 2.61253 2.51602 2.39239 2.3907 2.25143 2.18788 2.88005 2.20831 1.97128 1.96812 1.95557 1.94202 1.92208 2.24919 1.72683 1.69879
threshold=0.12535332143306735 0.45607632398605352 0.45000000298023229 1.3521531224250796 0.10375531762838365 -0.071069378405809389 0.15000000596046451 0.90000000596046459 0.025000001303851608 0.99515247344970714 1.1601572632789614 0.84906455874443065 0.046875042840838439 0.48257315371367965 0.80399290543805924 0.70737901329994213 0.55833333730697643 1.0404824614524844 0.024495338089764122 0.25000000745058065 0.38377413716039938 1.1104182004928591 0.63510873913764965 -0.018433318473398682 0.91940435767173778 0.91016754508018505 0.22573755609114973 0.69173365831375133 0.52528971730550456 0.2569575989468193
decision_type=2 8 2 10 10 2 2 2 2 2 2 8 2 2 2 10 2 10 2 2 2 2 10 2 8 2 2 2 2 2
left_child=1 2 3 6 17 10 12 23 9 16 -4 14 13 -1 -11 25 -3 -5 19 20 -10 -21 -16 -2 -20 -7 -22 -28 -18 -13
right_child=7 8 5 4 -6 15 -8 -9 18 11 -12 29 -14 -15 22 -17 28 -19 24 21 26 -23 -24 -25 -26 -27 27 -29 -30 -31
leaf_value=0.004403259690265551 -0.00067326426009337113 -4.3642815165027032e-05 0.00087822718761932511 0.012760086712320311 0 -0.0016326211412402672 0.00045394199070246052 -0.0021325923118232482 0.004392923766593497 -0.010560226750649592 0.0078319444915150981 -0.0082123863738444124 -0.0043967792151508849 0.0017298266055988448 -0.0097043325017752927 0.0010234404502708599 -0.0063297024440544195 0.0046431723328052427 -0.0015896515807719881 -0.00026509055904502408 -0.0002541364215797503 0.0052226630021797735 0 -0.0070210847196739623 0.0029111345324816236 0 0.00047874822341987638 0.0026993816016583363 -0.0015752717620523785 -0.000658495862063059
leaf_weight=1221 149 3665 400 350 117 2026 9471 689 484 280 310 89 143 4471 76 5709 255 155 3337 23746 5249 183 167 2001 252 18028 4669 1545 973 559
leaf_count=1221 149 3665 400 350 117 2026 9471 689 484 280 310 89 143 4471 76 5709 255 155 3337 23746 5249 183 167 2001 252 18028 4669 1545 973 559
internal_value=7.14984e-06 0.000186825 0.000649005 0.00138753 0.00837683 0.000202734 0.0010997 -0.00553827 -0.000242509 -0.00139207 0.00399143 -0.00424761 0.00213904 0.00231276 -0.00719528 9.62303e-05 -0.000697735 0.0103817 -6.45752e-05 5.355e-05 0.000607244 -0.000220816 -0.00308566 -0.00660493 -0.00125898 -0.000165274 0.000442671 0.00103926 -0.00260758 -0.00178409
internal_weight=90769 87930 42401 15928 622 26473 15306 2839 45529 6064 710 1171 5835 5692 523 25763 4893 505 39465 35876 11947 23929 243 2150 3589 20054 11463 6214 1228 648
internal_count=90769 87930 42401 15928 622 26473 15306 2839 45529 6064 710 1171 5835 5692 523 25763 4893 505 39465 35876 11947 23929 243 2150 3589 20054 11463 6214 1228 648
is_linear=0
shrinkage=0.05


Tree=6
num_leaves=31
num_cat=0
split_feature=1 57 39 100 81 81 158 12 87 9 17 19 112 152 62 11 38 105 25 73 167 167 167 167 46 161 50 28 36 29
split_gain=34.3036 6.70647 9.50171 6.70552 5.91242 10.8589 7.12244 7.00753 5.45476 4.37477 3.86671 3.20565 3.13631 3.03862 2.88394 4.47733 2.72879 2.52592 2.47717 2.31822 2.26872 4.4901 4.66453 2.44845 2.41443 2.48631 3.66564 2.19104 2.16161 1.98495
threshold=0.13785236328840259 1.2464840412139895 -0.001394637976773083 0.47499999403953558 0.21666666865348819 0.25000000745058065 0.37426077791657242 1.0073157548904421 -1.0000000180025095e-35 1.0518118739128115 0.78965985774993908 1.0474776625633242 0.058333335444331176 0.50651532411575328 0.83817577362060558 0.96463671326637279 0.0042918480467051276 0.47499999403953558 0.091671675443649306 0.90000000596046459 0.49823042090106634 0.49793459528021256 0.49793566138738615 0.49705636350588583 1.0998529791831972 0.46688794474932122 0.91930145025253307 -0.036344785243272774 0.49910613894462591 -0.0043466694187372914
decision_type=2 2 8 2 2 2 2 2 2 2 10 2 2 10 2 2 10 2 10 2 10 10 10 10 2 2 2 10 8 10
left_child=1 4 3 9 6 7 14 -6 13 17 16 -10 -9 -5 15 18 -7 -3 -1 -2 21 23 29 24 25 -8 -27 -11 -4 -23
right_child=19 2 28 8 5 10 20 12 11 27 -12 -13 -14 -15 -16 -17 -18 -19 -20 -21 -22 22 -24 -25 -26 26 -28 -29 -30 -31
leaf_value=0.0030844091169801059 -0.0070744648036843412 -0.0032212576286561358 -0.0012902297773035895 0 -0.0015762214942066607 -0.002109856010117817 0.00047634571477025522 -0.0029553748818785847 0.011293417575152308 0.0074338898101225766 3.0841548425515252e-05 0.0031210174514095953 -0.0088930436080787347 0.0049961966457129706 0.00084666524678569336 0.0069735524071677674 -5.1667766350246308e-05 0.001182269089133727 -0.0039638439651707531 -0.0028500398034978442 -0.0013172701746848535 0.026706584845669568 0.0028951573044494871 -0.0014210979486111548 -8.6235618026790027e-05 0.0039890434658827224 0.00066168543091976511 0.00095105280117044203 0.00064188222464827034 0.0073041369539818589
leaf_weight=521 1718 367 2359 483 2176 4003 9983 395 448 407 34440 191 624 865 936 815 2779 2603 158 457 2072 31 564 1920 12011 1430 2071 220 3725 41
leaf_count=521 1718 367 2359 483 2176 4003 9983 395 448 407 34440 191 624 865 936 815 2779 2603 158 457 2072 31 564 1920 12011 1430 2071 220 3725 41
internal_value=-8.85384e-06 0.000142852 0.00125993 0.0027494 -2.58516e-05 -0.000401621 0.000485328 -0.00321024 0.00509002 0.00144147 -0.000182648 0.00893747 -0.00664557 0.00322386 0.00309073 0.00446169 -0.00127399 0.000620399 0.00136737 -0.00621155 0.000273397 0.000392718 0.00454811 0.000294331 0.00042553 0.00088507 0.00203579 0.00524396 -9.91436e-05 0.0165943
internal_weight=90813 88638 11668 5584 76970 44417 32553 3195 1987 3597 41222 639 1019 1348 2430 1494 6782 2970 679 2175 30123 28051 636 27415 25495 13484 3501 627 6084 72
internal_count=90813 88638 11668 5584 76970 44417 32553 3195 1987 3597 41222 639 1019 1348 2430 1494 6782 2970 679 2175 30123 28051 636 27415 25495 13484 3501 627 6084 72
is_linear=0
shrinkage=0.05


Tree=7
num_leaves=31
num_cat=0
split_feature=1 89 32 39 81 158 162 100 142 22 17 81 11 81 25 18 25 124 158 92 17 5 158 81 15 92 57 81 161 140
split_gain=30.1357 5.83424 4.8351 7.13985 4.74343 4.08454 4.06264 2.87249 3.10799 2.65891 2.63481 4.11212 3.40671 2.95263 2.51007 2.30682 2.26382 2.10326 2.06084 2.7467 2.61967 2.05466 2.03685 2.35068 1.81872 1.81583 1.58248 1.56387 1.56076 1.52643
threshold=0.12111108377575876 0.45141318440437322 -0.0054802712984383098 -0.004298826213926076 0.18333333730697635 0.48257315371367965 0.87322827615455023 0.42499999701976782 1.0404824614524844 0.89943107962608349 0.78395977616310131 0.18333333730697635 0.99408355355262767 0.31666667759418493 0.11504753679037096 1.1198952198028567 0.074798613786697402 0.36233550310134893 0.44430294136892029 0.22843381017446521 0.85368505120277416 0.030325888656079773 0.30933010971492647 0.11666667088866235 1.1903685927391054 0.59340840578079235 1.3732631802558901 0.48333333432674414 0.5227170834063366 0.88114619255065929
decision_type=2 8 10 10 2 2 2 2 10 2 10 2 2 2 10 2 8 8 2 10 8 2 2 2 10 10 2 2 2 10
left_child=1 2 3 7 5 9 16 24 14 21 11 22 27 25 -9 17 -2 -12 19 20 -6 -4 23 -3 -1 -14 -10 -13 -19 -8
right_child=6 10 4 -5 18 -7 29 8 26 -11 15 12 13 -15 -16 -17 -18 28 -20 -21 -22 -23 -24 -25 -26 -27 -28 -29 -30 -31
leaf_value=-0.00012704826346994326 -0.0024393168571414884 0.0017933871123853803 0.0064673707125211316 0.0005005419635354337 -0.0089678575310039015 0.00076736863246192738 -0.0046157387476800293 0.0099370837788361633 0.000698351481217497 0.0016532608974892228 -0.00021088798597707092 -0.002027443379223328 -0.010561202773008751 -0.0023095182176682224 0 0.0044859518076031746 -0.0067496265678774871 0.00047145336845580877 0.00013861804255413287 -0.00044202508807522514 -0.0015501675496822241 0.00019563440804611583 -0.0002329902158634548 0.01339177808115909 0.0045461002157561083 -0.0019449707575903649 0.0056434687166232863 -5.3263063707664532e-06 0.002768529803890963 -0.0003818357363972319
leaf_weight=452 416 362 718 3107 211 10476 352 491 324 1312 28433 2670 257 571 80 284 1799 5046 21694 1697 320 180 5480 52 356 101 384 1567 887 612
leaf_count=452 416 362 718 3107 211 10476 352 491 324 1312 28433 2670 257 571 80 284 1799 5046 21694 1697 320 180 5480 52 356 101 384 1567 887 612
internal_value=7.16627e-06 0.000181457 0.000608665 0.00203853 0.000404378 0.00118593 -0.00477357 0.0043029 0.00579613 0.00314617 -0.000208137 -0.000880041 -0.00190979 -0.00467121 0.00860026 4.90568e-06 -0.00596413 -3.08002e-05 -8.02699e-06 -0.00145776 -0.00460299 0.00526746 1.4206e-05 0.00339943 0.00187318 -0.00828183 0.00345515 -0.00129157 0.000823707 -0.00198282
internal_weight=90691 87512 41802 5194 36608 12686 3179 2087 1279 2210 45710 11060 5166 929 571 34650 2215 34366 23922 2228 531 898 5894 414 808 358 708 4237 5933 964
internal_count=90691 87512 41802 5194 36608 12686 3179 2087 1279 2210 45710 11060 5166 929 571 34650 2215 34366 23922 2228 531 898 5894 414 808 358 708 4237 5933 964
is_linear=0
shrinkage=0.05


Tree=8
num_leaves=31
num_cat=0
split_feature=1 0 53 79 142 86 5 87 158 32 92 73 81 81 17 76 28 166 166 92 1 79 27 81 81 146 89 141 163 17
split_gain=27.588 5.64537 5.46084 5.10167 6.86119 6.12734 5.81531 4.51826 4.18791 5.99003 4.76432 3.21797 3.08642 5.76456 4.73797 3.06783 2.71006 2.61291 2.58337 2.35908 2.32317 2.20495 2.12196 2.37728 2.94565 2.10287 2.10107 1.96571 1.86476 1.81087
threshold=0.12535332143306735 -0.071069378405809389 1.1601572632789614 0.45000000298023229 0.87241098284721386 -0.21666666865348813 0.026472804136574272 -0.35833333432674402 0.47013879835224393 0.0047469928395003089 0.21618033945560458 0.90000000596046459 0.21666666865348819 0.25000000745058065 0.81802663207054149 0.11666667088866235 -0.025126969441771504 0.49537325355373285 0.49525779210098897 0.40026827156543737 0.077386878430843367 0.15000000223517421 0.1315095126628876 0.21666666865348819 0.25000000745058065 0.48399722576141363 0.60617190599441539 0.86714687943458568 0.16478831826613236 0.94765445590019237
decision_type=2 2 2 2 8 2 2 2 2 10 10 2 2 2 10 2 10 10 10 10 2 2 10 2 2 10 8 10 2 10
left_child=1 2 -1 4 5 15 8 16 9 22 28 -2 -9 14 19 -3 -5 18 27 -14 -8 -7 23 -6 29 -24 -10 -15 -11 -25
right_child=11 3 -4 7 6 21 20 12 26 10 -12 -13 13 17 -16 -17 -18 -19 -20 -21 -22 -23 25 24 -26 -27 -28 -29 -30 -31
leaf_value=0.00064906985844621814 -0.0057986110017073881 0.010885468781422145 0.0073885013254546333 0.0025757752225989677 0.0022408014419289433 -0.00051559365838797951 -0.00023032076974153148 5.5790710032960649e-05 0.00080878806069380009 0.0081586931890342395 0.0075218186559170858 -0.0017578332230517514 -0.010070715414249844 -0.0021543529022415176 -0.0014799097746185342 -0.0023107181229120631 0.00034535202740585498 0.00075035432468319098 -0.0040101365243788495 -0.0034308116914002714 -0.0031040921609439961 0.004275499212449952 0.0080603009782238069 -0.010119890735950321 6.5917235192333978e-05 0.0010544087424372824 -5.9325898004647407e-05 -0.00052464292437027897 -0.0051138412067666655 -0.0003480112711723121
leaf_weight=741 2142 355 527 1573 1020 465 1440 16092 16194 31 731 692 343 2157 922 43 10852 2906 634 269 1454 462 200 127 1062 272 12058 14488 119 93
leaf_count=741 2142 355 527 1573 1020 465 1440 16092 16194 31 731 692 343 2157 922 43 10852 2906 634 269 1454 462 200 127 1062 272 12058 14488 119 93
internal_value=2.32641e-05 0.000180863 0.0034931 0.000131613 0.00058512 0.00411979 0.000448991 -0.000193526 0.000644796 0.00224049 0.00584284 -0.00483055 -0.00046611 -0.000855083 -0.00381538 0.00933222 0.000631931 -0.000627455 -0.0008621 -0.00724412 -0.001692 0.00182036 0.0010767 0.000425475 -0.000980506 0.00413948 0.000436517 -0.000738955 -0.00200386 -0.00623556
internal_weight=90464 87630 1268 86362 36126 1325 34801 50236 31907 3655 881 2834 37811 21719 1534 398 12425 20185 17279 612 2894 927 2774 2302 1282 472 28252 16645 150 220
internal_count=90464 87630 1268 86362 36126 1325 34801 50236 31907 3655 881 2834 37811 21719 1534 398 12425 20185 17279 612 2894 927 2774 2302 1282 472 28252 16645 150 220
is_linear=0
shrinkage=0.05


Tree=9
num_leaves=31
num_cat=0
split_feature=1 47 48 121 161 100 82 8 82 5 32 9 102 114 157 136 160 158 77 15 152 79 86 80 158 162 157 159 52 82
split_gain=25.1222 5.05761 7.31466 5.5609 5.81516 4.66624 4.03225 7.2406 3.83239 3.40275 3.36446 3.31514 3.22957 2.95782 2.70165 2.79495 2.64674 2.24635 2.58229 2.22394 2.20197 2.15403 2.11507 1.95366 1.84703 1.79804 1.77102 1.61842 1.94616 1.60125
threshold=0.12111108377575876 1.4727565050125124 0.92980691790580761 0.34947903454303747 0.57347519073477948 0.47499999403953558 0.025000001303851608 -0.77777883410453785 0.058333335444331176 0.026472804136574272 0.0023590128403157 1.0663143396377566 0.52500000596046459 0.43065191805362707 0.052461091428995139 0.62266141176223766 0.86873635371179059 0.38377413716039938 0.091666668653488173 0.87950712442398082 0.50925433635711681 0.45000000298023229 -0.45000000298023218 0.075000001117587103 0.48257315371367965 0.87044028086917968 -0.0066856048069894305 0.82263981124398111 0.62733998894691478 0.058333335444331176
decision_type=2 2 2 8 2 2 2 2 2 2 8 2 2 10 10 8 2 2 2 8 10 2 2 2 2 2 10 2 2 2
left_child=1 3 21 4 9 11 7 12 13 16 -2 26 -5 -7 15 23 19 18 -9 -1 -10 29 -23 24 -8 -12 -4 -14 -29 -3
right_child=10 2 5 6 -6 8 14 17 20 -11 25 -13 27 -15 -16 -17 -18 -19 -20 -21 -22 22 -24 -25 -26 -27 -28 28 -30 -31
leaf_value=0.0034383496103156949 -0.0012670273127695164 0.0068531973675803855 0.001550824400198617 -0.0019400582358531883 0.0058543033053959697 0.0027691957101604416 0.0037017369393836583 0.00060632230895743175 0.00042594441724222443 -0.0016237298336287979 -0.0061349475605816965 0.0051753906749668422 -0.0087874670499623886 0.0099133699229698863 -0.0010486406964695298 -0.000267656825477552 0.00039115446830237594 -0.00023397941834158803 -0.005708585134756014 0.00066681133793632683 0.0039450675564274319 0.00010237710980948181 -0.002681096359085965 0.00025795161855324077 0.00094330529461531399 -0.0029914949077232697 -0.00032751502814386594 -0.0085170530140116479 0 0.00017589389507868616
leaf_weight=1857 724 133 2822 730 618 271 729 243 785 1209 1755 461 435 385 5545 25132 4208 6897 415 1270 1140 1185 1508 22295 4334 719 2193 114 167 323
leaf_count=1857 724 133 2822 730 618 271 729 243 785 1209 1755 461 435 385 5545 25132 4208 6897 415 1270 1140 1185 1508 22295 4334 719 2193 114 167 323
internal_value=-6.81213e-06 0.000151916 0.00114369 5.393e-06 0.00116135 0.0019442 -0.000151864 -0.00113647 0.00370484 0.000815404 -0.00435931 0.0011047 -0.00438126 0.00704685 9.31805e-11 0.000111748 0.00122442 -0.000508314 -0.00330323 0.00232927 0.00253692 -0.000888583 -0.00143814 0.000462107 0.00135101 -0.00524317 0.000719579 -0.00679429 -0.00351123 0.00224358
internal_weight=90602 87404 11206 76198 9162 8057 67036 9001 2581 8544 3198 5476 1446 656 58035 52490 7335 7555 658 3127 1925 3149 2693 27358 5063 2474 5015 716 281 456
internal_count=90602 87404 11206 76198 9162 8057 67036 9001 2581 8544 3198 5476 1446 656 58035 52490 7335 7555 658 3127 1925 3149 2693 27358 5063 2474 5015 716 281 456
is_linear=0
shrinkage=0.05


end of trees

feature_importances:
feature_IMIN30=22
amount_20=18
feature_IMIN60=15
feature_ROC60=14
momentum_60=10
feature_KLEN=9
feature_KLOW=9
feature_LOW0=9
feature_IMIN10=9
feature_STD20=8
reversal_20=8
feature_BETA60=6
shareholder_change_count_20d=6
feature_BETA5=5
feature_RESI10=5
feature_IMIN20=5
feature_CORR10=5
feature_CORR60=5
feature_KMID=4
feature_OPEN0=4
feature_ROC30=4
feature_QTLU5=4
feature_QTLU60=4
feature_IMAX5=4
feature_IMXD30=4
feature_IMXD60=4
feature_CNTP20=4
feature_CNTP60=4
feature_WVMA60=4
feature_VSUMN60=4
feature_ROC20=3
feature_MA5=3
feature_STD10=3
feature_RESI5=3
feature_MIN5=3
feature_SUMN30=3
announcement_count_20d=3
feature_KUP=2
feature_KSFT2=2
feature_VWAP0=2
feature_BETA10=2
feature_RSQR30=2
feature_RSQR60=2
feature_MAX10=2
feature_QTLD10=2
feature_QTLD60=2
feature_IMAX30=2
feature_SUMP10=2
feature_SUMD10=2
feature_VSTD30=2
feature_WVMA30=2
feature_VSUMD60=2
price_vs_ma20=2
volatility_20=2
news_risk_20d=2
feature_KSFT=1
feature_HIGH0=1
feature_MA10=1
feature_MA60=1
feature_STD30=1
feature_STD60=1
feature_BETA30=1
feature_RESI20=1
feature_MAX20=1
feature_MAX30=1
feature_MAX60=1
feature_MIN20=1
feature_MIN30=1
feature_MIN60=1
feature_QTLD20=1
feature_RSV30=1
feature_RSV60=1
feature_IMAX60=1
feature_CNTN20=1
feature_CNTD60=1
feature_SUMP30=1
feature_SUMP60=1
feature_SUMN5=1
feature_WVMA10=1
feature_WVMA20=1
feature_VSUMP30=1
volume_ratio_20_60=1

parameters:
[boosting: gbdt]
[objective: regression]
[metric: l2]
[tree_learner: serial]
[device_type: cpu]
[data_sample_strategy: bagging]
[data: ]
[valid: ]
[num_iterations: 400]
[learning_rate: 0.05]
[num_leaves: 31]
[num_threads: 20]
[seed: 42]
[deterministic: 0]
[force_col_wise: 0]
[force_row_wise: 0]
[histogram_pool_size: -1]
[max_depth: -1]
[min_data_in_leaf: 20]
[min_sum_hessian_in_leaf: 0.001]
[bagging_fraction: 0.8]
[pos_bagging_fraction: 1]
[neg_bagging_fraction: 1]
[bagging_freq: 1]
[bagging_seed: 400]
[bagging_by_query: 0]
[feature_fraction: 0.8]
[feature_fraction_bynode: 1]
[feature_fraction_seed: 30056]
[extra_trees: 0]
[extra_seed: 12879]
[early_stopping_round: 0]
[early_stopping_min_delta: 0]
[first_metric_only: 0]
[max_delta_step: 0]
[lambda_l1: 1]
[lambda_l2: 1]
[linear_lambda: 0]
[min_gain_to_split: 0]
[drop_rate: 0.1]
[max_drop: 50]
[skip_drop: 0.5]
[xgboost_dart_mode: 0]
[uniform_drop: 0]
[drop_seed: 17869]
[top_rate: 0.2]
[other_rate: 0.1]
[min_data_per_group: 100]
[max_cat_threshold: 32]
[cat_l2: 10]
[cat_smooth: 10]
[max_cat_to_onehot: 4]
[top_k: 20]
[monotone_constraints: ]
[monotone_constraints_method: basic]
[monotone_penalty: 0]
[feature_contri: ]
[forcedsplits_filename: ]
[refit_decay_rate: 0.9]
[cegb_tradeoff: 1]
[cegb_penalty_split: 0]
[cegb_penalty_feature_lazy: ]
[cegb_penalty_feature_coupled: ]
[path_smooth: 0]
[interaction_constraints: ]
[verbosity: -1]
[saved_feature_importance_type: 0]
[use_quantized_grad: 0]
[num_grad_quant_bins: 4]
[quant_train_renew_leaf: 0]
[stochastic_rounding: 1]
[linear_tree: 0]
[max_bin: 255]
[max_bin_by_feature: ]
[min_data_in_bin: 3]
[bin_construct_sample_cnt: 200000]
[data_random_seed: 175]
[is_enable_sparse: 1]
[enable_bundle: 1]
[use_missing: 1]
[zero_as_missing: 0]
[feature_pre_filter: 1]
[pre_partition: 0]
[two_round: 0]
[header: 0]
[label_column: ]
[weight_column: ]
[group_column: ]
[ignore_column: ]
[categorical_feature: ]
[forcedbins_filename: ]
[precise_float_parser: 0]
[parser_config_file: ]
[objective_seed: 16083]
[num_class: 1]
[is_unbalance: 0]
[scale_pos_weight: 1]
[sigmoid: 1]
[boost_from_average: 1]
[reg_sqrt: 0]
[alpha: 0.9]
[fair_c: 1]
[poisson_max_delta_step: 0.7]
[tweedie_variance_power: 1.5]
[lambdarank_truncation_level: 30]
[lambdarank_norm: 1]
[label_gain: ]
[lambdarank_position_bias_regularization: 0]
[eval_at: ]
[multi_error_top_k: 1]
[auc_mu_weights: ]
[num_machines: 1]
[local_listen_port: 12400]
[time_out: 120]
[machine_list_filename: ]
[machines: ]
[gpu_platform_id: -1]
[gpu_device_id: -1]
[gpu_device_id_list: ]
[gpu_use_dp: 0]
[num_gpu: 1]

end of parameters

pandas_categorical:[]
