tree
version=v4
num_class=1
num_tree_per_iteration=1
label_index=0
max_feature_idx=167
objective=regression
feature_names=feature_KMID feature_KLEN feature_KMID2 feature_KUP feature_KUP2 feature_KLOW feature_KLOW2 feature_KSFT feature_KSFT2 feature_OPEN0 feature_HIGH0 feature_LOW0 feature_VWAP0 feature_ROC5 feature_ROC10 feature_ROC20 feature_ROC30 feature_ROC60 feature_MA5 feature_MA10 feature_MA20 feature_MA30 feature_MA60 feature_STD5 feature_STD10 feature_STD20 feature_STD30 feature_STD60 feature_BETA5 feature_BETA10 feature_BETA20 feature_BETA30 feature_BETA60 feature_RSQR5 feature_RSQR10 feature_RSQR20 feature_RSQR30 feature_RSQR60 feature_RESI5 feature_RESI10 feature_RESI20 feature_RESI30 feature_RESI60 feature_MAX5 feature_MAX10 feature_MAX20 feature_MAX30 feature_MAX60 feature_MIN5 feature_MIN10 feature_MIN20 feature_MIN30 feature_MIN60 feature_QTLU5 feature_QTLU10 feature_QTLU20 feature_QTLU30 feature_QTLU60 feature_QTLD5 feature_QTLD10 feature_QTLD20 feature_QTLD30 feature_QTLD60 feature_RANK5 feature_RANK10 feature_RANK20 feature_RANK30 feature_RANK60 feature_RSV5 feature_RSV10 feature_RSV20 feature_RSV30 feature_RSV60 feature_IMAX5 feature_IMAX10 feature_IMAX20 feature_IMAX30 feature_IMAX60 feature_IMIN5 feature_IMIN10 feature_IMIN20 feature_IMIN30 feature_IMIN60 feature_IMXD5 feature_IMXD10 feature_IMXD20 feature_IMXD30 feature_IMXD60 feature_CORR5 feature_CORR10 feature_CORR20 feature_CORR30 feature_CORR60 feature_CORD5 feature_CORD10 feature_CORD20 feature_CORD30 feature_CORD60 feature_CNTP5 feature_CNTP10 feature_CNTP20 feature_CNTP30 feature_CNTP60 feature_CNTN5 feature_CNTN10 feature_CNTN20 feature_CNTN30 feature_CNTN60 feature_CNTD5 feature_CNTD10 feature_CNTD20 feature_CNTD30 feature_CNTD60 feature_SUMP5 feature_SUMP10 feature_SUMP20 feature_SUMP30 feature_SUMP60 feature_SUMN5 feature_SUMN10 feature_SUMN20 feature_SUMN30 feature_SUMN60 feature_SUMD5 feature_SUMD10 feature_SUMD20 feature_SUMD30 feature_SUMD60 feature_VMA5 feature_VMA10 feature_VMA20 feature_VMA30 feature_VMA60 feature_VSTD5 feature_VSTD10 feature_VSTD20 feature_VSTD30 feature_VSTD60 feature_WVMA5 feature_WVMA10 feature_WVMA20 feature_WVMA30 feature_WVMA60 feature_VSUMP5 feature_VSUMP10 feature_VSUMP20 feature_VSUMP30 feature_VSUMP60 feature_VSUMN5 feature_VSUMN10 feature_VSUMN20 feature_VSUMN30 feature_VSUMN60 feature_VSUMD5 feature_VSUMD10 feature_VSUMD20 feature_VSUMD30 feature_VSUMD60 revenue_growth net_profit_growth roe roa gross_margin net_margin debt_to_asset operating_cash_flow ocf_to_assets ocf_to_net_profit
feature_infos=[-0.18378382921218872:0.23204429447650909] [0:0.2587992250919342] [-1:1] [0:0.17515505850315094] [0:1] [0:0.1814553290605545] [0:1] [-0.21837836503982544:0.2587992250919342] [-1:1] [0.81165915727615356:1.2251656055450439] [1:1.2768211364746094] [0.78991591930389404:1] [0.86167383193969727:1.1553093194961548] [0.50938946008682251:1.8084112405776978] [0.38546353578567505:2.5034608840942383] [0.20094425976276398:3.1202185153961182] [0.18492695689201355:5.7117090225219727] [0.13746649026870728:7.1328182220458984] [0.73912703990936279:1.3500000238418579] [0.58375918865203857:1.6204214096069336] [0.48958152532577515:2.2400727272033691] [0.40701004862785339:2.491147518157959] [0.28582838177680969:3.7705175876617432] [0:0.31421336531639099] [0.00023446726845577359:0.44042909145355225] [0.0005574155948124826:0.84243810176849365] [0.0005574155948124826:1.5140218734741211] [0.0005574155948124826:2.5884873867034912] [-0.18953272700309753:0.11699225753545761] [-0.14318288862705231:0.091486923396587372] [-0.13684648275375366:0.091486923396587372] [-0.153787761926651:0.091486923396587372] [-0.13677342236042023:0.091486923396587372] [0:1] [0:1] [0:1] [2.2261162995574702e-15:1] [8.3690260277435868e-10:1] [-0.11662719398736954:0.098536819219589233] [-0.23734408617019653:0.19709315896034241] [-0.45356476306915283:0.34632593393325806] [-0.59292685985565186:0.92638540267944336] [-1.1882275342941284:1.6086900234222412] [1:1.7841874361038208] [1:2.2531874179840088] [1:3.1650238037109375] [1:5.7535200119018555] [1:9.3708133697509766] [0.50947773456573486:1] [0.34822705388069153:1] [0.19764620065689087:1] [0.18116329610347748:1] [0.079663857817649841:1] [0.86649966239929199:1.6521495580673218] [0.72217452526092529:2.0949892997741699] [0.58081799745559692:3.0763568878173828] [0.47937741875648499:3.5877678394317627] [0.33353924751281738:7.2022075653076172] [0.58712047338485718:1.184606671333313] [0.39663863182067871:1.3228549957275391] [0.22801922261714935:1.6053929328918457] [0.19504037499427795:1.7554135322570801] [0.12582564353942871:2.6131875514984131] [0.20000000298023224:1] [0.10000000149011612:1] [0.05000000074505806:1] [0.033333335071802139:1] [0.01666666753590107:1] [0:1] [0:1] [0:1] [0:1] [0:1] [0.20000000298023224:1] [0.10000000149011612:1] [0.05000000074505806:1] [0.033333335071802139:1] [0.01666666753590107:1] [0.20000000298023224:1] [0.10000000149011612:1] [0.05000000074505806:1] [0.033333335071802139:1] [0.01666666753590107:1] [-0.80000001192092896:0.80000001192092896] [-0.89999997615814209:0.89999997615814209] [-0.94999998807907104:0.94999998807907104] [-0.96666663885116577:0.96666663885116577] [-0.98333334922790527:0.98333334922790527] [-1:1] [-1:1] [-1:1] [-1:1] [-1:1] [-1:1] [-1:1] [-1:1] [-1:1] [-1:1] [0:1] [0:1] [0:0.94999998807907104] [0:0.86666667461395264] [0:0.76666665077209473] [0:1] [0:1] [0:0.94999998807907104] [0:0.86666667461395264] [0:0.83333331346511841] [-1:1] [-1:1] [-0.94999998807907104:0.89999997615814209] [-0.76666665077209473:0.76666665077209473] [-0.75:0.55000001192092896] [0:1] [0:1] [0:1] [0:1] [0:1] [0:1] [0:1] [0:1] [0:1] [0:1] [-1:1] [-1:1] [-1:1] [-1:1] [-1:1] [0.20471267402172089:235.782958984375] [0.10461504012346268:383.34182739257812] [0.075067855417728424:425.7928466796875] [0.056173093616962433:430.86871337890625] [0.033522188663482666:438.94296264648438] [0.00029457567143253982:408.0859375] [0.0027553131803870201:414.00186157226562] [0.0027553131803870201:307.87985229492188] [0.0027553131803870201:262.36935424804688] [0.0027553131803870201:275.11691284179688] [0:2.2360680103302002] [0.018472533673048019:3.0074613094329834] [0.068585917353630066:3.8974208831787109] [0.068585917353630066:4.5948772430419922] [0.068585917353630066:5.3810009956359863] [0:1] [0:1] [0:1] [0:1] [0:1] [0:1] [0:1] [0:1] [0:1] [0:1] [-1:1] [-1:1] [-1:1] [-1:1] [-1:1] [0.010638297872340425:1] [0.01098901098901099:1] [0.01282051282051282:1] [0.010416666666666666:1] [0.014285714285714285:1] [0.010638297872340425:1] [0.010638297872340425:1] [0.010638297872340425:1] [0.010752688172043012:1] [0.010638297872340425:1]
tree_sizes=3013 2988 3045 3072 3037 3046 3043 3042 3052

Tree=0
num_leaves=31
num_cat=0
split_feature=1 57 48 100 82 121 9 82 11 102 139 44 152 71 82 5 80 102 80 86 37 25 80 53 5 154 10 11 152 24
split_gain=56.8039 9.64465 15.5173 9.06676 7.31878 7.28359 7.08243 6.43193 9.94736 6.47018 5.47528 4.19311 3.97252 3.95297 3.86384 3.75257 3.3577 3.30189 3.22329 3.07667 2.89323 2.65628 2.54966 2.44313 2.23323 1.9835 1.95002 1.84848 1.72593 1.66625
threshold=0.12535332143306735 1.2957590222358706 0.94281196594238292 0.47499999403953558 0.058333335444331176 0.2973166704177857 1.0663143396377566 0.025000001303851608 0.99506512284278881 0.52500000596046459 0.84619471430778515 1.0983616113662722 0.47334541380405432 0.6754380762577058 0.075000002980232253 0.02960904780775309 0.37500000000000006 0.55833333730697643 0.32500000298023229 -1.0000000180025095e-35 0.81603989005088817 0.11504753679037096 0.12500000372529033 1.1525650620460512 0.042628265917301185 -0.10626324266195296 1.0187500119209292 0.99210166931152355 0.50031322240829479 0.073824308812618269
decision_type=2 2 2 2 2 8 2 2 2 2 8 2 10 2 2 2 2 2 2 2 10 10 2 2 2 10 2 2 10 8
left_child=1 5 11 6 21 15 19 8 17 25 -2 14 -9 20 -3 27 22 -7 -13 -4 28 -5 -11 -6 -12 -10 -19 -1 -14 -21
right_child=10 2 3 4 23 7 -8 12 9 16 24 18 13 -15 -16 -17 -18 26 -20 29 -22 -23 -24 -25 -26 -27 -28 -29 -30 -31
leaf_value=0.0039617501478696766 -0.0069817027823449217 0.012605714846088589 0.0038484928507043787 0.015902514695460491 0.0051662676445322579 0.0019249158649270752 0.010078458713238696 0.00078708432739140041 -0.002080362255725728 -0.002585224778464886 -0.00010371768024360095 -0.002621787686148523 0.0013142471031760707 0.0027839172759798647 0.0025940479724657025 -0.00018675918155453995 -0.00072625523423575306 0.0012314855430606648 0.0011916475119987035 0.0029320291548875941 0.0033674105608505981 0.001800684711733498 -0.0099384833423127074 0.010732061750008473 -0.0047234368107659146 0.002018425336382816 -0.0018340109682516764 0.0071270907021943166 0.0019708800947982035 -0.0021830104470404888
leaf_weight=2792 1717 122 2833 341 941 6068 416 7121 573 198 584 775 16916 13582 512 468 263 1071 2086 259 2786 31 440 274 543 563 1095 592 24364 367
leaf_count=2792 1717 122 2833 341 941 6068 416 7121 573 198 584 775 16916 13582 512 468 263 1071 2086 259 2786 31 440 274 543 563 1095 592 24364 367
internal_value=0.00177695 0.00200158 0.00355638 0.00522269 0.00841968 0.0018244 0.0038991 0.00171618 0.000553445 -0.00257704 -0.00517694 0.000966335 0.00189981 0.00203815 0.00461331 0.00394507 -0.00575683 0.0013344 0.000139993 0.00313931 0.00180713 0.0146276 -0.00774512 0.00646887 -0.00237768 -6.62861e-06 -0.000342282 0.00453168 0.00170301 1.14498e-05
internal_weight=90693 87849 8957 5462 1587 78892 3875 75040 10271 2037 2844 3495 64769 57648 634 3852 901 8234 2861 3459 44066 372 638 1215 1127 1136 2166 3384 41280 626
internal_count=90693 87849 8957 5462 1587 78892 3875 75040 10271 2037 2844 3495 64769 57648 634 3852 901 8234 2861 3459 44066 372 638 1215 1127 1136 2166 3384 41280 626
is_linear=0
shrinkage=1


Tree=1
num_leaves=31
num_cat=0
split_feature=1 57 39 82 9 81 81 82 59 89 73 86 25 15 10 32 28 12 117 24 46 38 81 16 19 25 124 0 38 107
split_gain=53.9985 8.49374 13.7719 8.45719 9.20276 7.66405 14.3556 20.0022 6.62893 5.66289 4.54125 4.01848 3.76866 3.64261 3.3975 3.3843 3.35033 3.12265 3.00109 2.88517 2.85874 2.85369 2.45832 2.24087 3.22674 1.93105 1.90505 1.87339 1.82585 1.98688
threshold=0.13043481856584552 1.257884204387665 -0.004298826213926076 0.058333335444331176 1.0564128160476687 0.21666666865348819 0.25000000745058065 0.025000001303851608 1.0096209645271303 0.4865062683820725 0.90000000596046459 -0.45000000298023218 0.088821507990360274 0.93539807200431835 1.0187500119209292 0.0029127235757187013 -0.040450284257531159 1.0023646950721743 0.50621095299720775 0.042328258976340301 1.0806029438972475 -0.0027010934427380557 0.48333333432674414 1.4567780494689944 1.04423063993454 0.10826709121465684 -0.097235042601823793 -0.066059924662113176 -0.020521355792880055 0.44166666269302374
decision_type=2 2 8 2 2 2 2 2 2 8 2 2 10 8 2 10 8 2 10 8 2 10 2 10 2 10 8 2 10 2
left_child=1 5 3 8 12 9 7 14 18 13 -2 -4 23 17 -7 26 -6 25 -3 -13 -11 -17 -14 -5 -25 -1 -8 -10 -19 -30
right_child=10 2 11 4 16 6 15 -9 27 20 -12 19 22 -15 -16 21 -18 28 -20 -21 -22 -23 -24 24 -26 -27 -28 -29 29 -31
leaf_value=0.0016520197429630394 -0.0084067025994636734 0.013803730213071387 0.00094676198697626803 0.0017772725163456651 0.0094497328664895682 -0.0046981279351863015 -0.00034239740754677458 -0.0013529434563624163 0.01035493720146189 0.00071763282982388024 -0.0031914122258103897 0.0014897572995519672 -0.0037706917319871437 0.00059022882492923076 -0.012602371849348466 -0.0020983034831939759 0.0023528024691687379 0 0.00012662852424438352 -0.0026166316821843827 -0.000593734384622564 -0.00026831297934613944 0.00093054375898528612 0.010761187760383199 0 -0.001825676378497599 0.00042198078069407001 0.0017836407597327166 0.0052305907277835628 0.0021509481862148298
leaf_weight=3792 1938 389 3672 1787 553 210 14970 2406 83 7282 578 537 487 8431 577 3665 269 335 53 1871 9669 5264 619 180 120 432 17834 372 1382 961
leaf_count=3792 1938 389 3672 1787 553 210 14970 2406 83 7282 578 537 487 8431 577 3665 269 335 53 1871 9669 5264 619 180 120 432 17834 372 1382 961
internal_value=-8.47874e-06 0.000197037 0.00149741 0.0034664 0.00246639 1.12445e-05 -0.000410378 -0.00364183 0.00787907 0.000599513 -0.0072302 -8.54117e-05 0.00123188 0.00129582 -0.0105653 -0.00016186 0.00719369 0.00215027 0.0122806 -0.00167989 -2.7424e-05 -0.0010252 -0.0010959 0.00248936 0.0065449 0.00128416 7.16353e-05 0.00347612 0.00349673 0.00399024
internal_weight=90718 88202 10992 4912 4015 77210 44926 3193 897 32284 2516 6080 3193 15333 787 41733 822 6902 442 2408 16951 8929 1106 2087 300 4224 32804 455 2678 2343
internal_count=90718 88202 10992 4912 4015 77210 44926 3193 897 32284 2516 6080 3193 15333 787 41733 822 6902 442 2408 16951 8929 1106 2087 300 4224 32804 455 2678 2343
is_linear=0
shrinkage=0.05


Tree=2
num_leaves=31
num_cat=0
split_feature=11 89 32 39 81 82 29 18 17 81 82 38 40 79 5 26 114 81 52 79 5 60 18 142 48 38 9 152 127 3
split_gain=44.4699 7.6903 6.71071 11.3847 6.90475 6.13947 5.40533 5.15253 4.8175 4.71996 9.73118 3.63319 3.01389 3.00351 5.18289 2.94387 2.64751 2.58166 2.56634 2.45703 2.39702 2.16661 2.13026 2.02506 1.88271 1.85099 2.2638 1.7465 1.73281 1.68416
threshold=0.89296352863311779 0.53139176964759838 -0.0052938591688871375 -0.004298826213926076 0.21666666865348819 0.075000002980232253 -0.0048718855250626794 1.0760391950607302 0.78707411885261547 0.25000000745058065 0.025000001303851608 -0.0028328070184215899 -0.036383910104632371 0.45000000298023229 0.037703869864344604 0.17079202085733416 0.71746617555618297 0.18333333730697635 0.7663862705230714 0.15000000223517421 0.044628545641899116 1.0839326381683352 1.1348635554313662 1.1512554287910464 0.8658023774623872 -0.00048581279406789685 1.0061091184616091 0.51997756958007824 0.25777465105056768 0.035467687994241721
decision_type=2 8 10 10 2 2 10 2 10 2 2 10 10 2 2 10 8 2 2 2 2 2 2 10 2 10 2 10 10 2
left_child=12 2 3 5 13 6 -2 27 11 10 -6 17 -1 14 18 -9 22 21 19 -4 -14 -3 -10 -8 -5 -21 -27 -7 -16 -11
right_child=1 8 4 24 9 7 23 15 16 29 -12 -13 20 -15 28 -17 -18 -19 -20 25 -22 -23 -24 -25 -26 26 -28 -29 -30 -31
leaf_value=-0.0091312686539435067 0.0019351579819762998 -0.001343856303458524 0.0017700975911152149 -0.0024424290645249872 -0.0098822948689665149 0.00022976431992330706 0.014953237675335193 0.0087194785163995248 -0.00025574978984434758 0.00010107627121966328 -0.00054531364681324767 -0.00050200233068690579 -0.0025449309312979679 0.0005207961090266251 0.00029426476381994574 -0.0021956840164161157 0.0011700469979909838 -0.0036709032178552318 0.00096270119805021712 0.0023483793203266821 -0.0074377154607652195 0.011638779102941045 0.0056304472640713128 0.0048663178607146231 0.0008105880468869159 0.0042086105095473355 0.0096000853496794186 0.0039553273201697421 -0.0063764394426859125 -0.0021258121829658776
leaf_weight=1041 178 1933 2378 511 371 859 290 501 25563 23798 1171 5957 514 8901 141 62 3958 2122 2813 917 580 31 153 81 3202 971 274 526 238 879
leaf_count=1041 178 1933 2378 511 371 859 290 501 25563 23798 1171 5957 514 8901 141 62 3958 2122 2813 917 580 31 153 81 3202 971 274 526 238 879
internal_value=-8.27809e-06 0.000162696 0.000581775 0.00211939 0.000357738 0.00473088 0.00944877 0.00337142 -0.000353732 -0.000146092 -0.00282911 -0.00130036 -0.00713798 0.0011549 0.00187825 0.00742704 -3.16321e-05 -0.00245165 0.0021766 0.00291735 -0.005189 -0.00110767 -0.000218567 0.0129044 0.000348893 0.00415469 0.00544205 0.00168258 -0.0037689 1.9645e-05
internal_weight=90914 88779 49062 6210 42852 2497 549 1948 39717 26219 1542 10043 2135 16633 7732 563 29674 4086 7353 4540 1094 1964 25716 371 3713 2162 1245 1385 379 24677
internal_count=90914 88779 49062 6210 42852 2497 549 1948 39717 26219 1542 10043 2135 16633 7732 563 29674 4086 7353 4540 1094 1964 25716 371 3713 2162 1245 1385 379 24677
is_linear=0
shrinkage=0.05


Tree=3
num_leaves=31
num_cat=0
split_feature=1 0 53 79 16 25 82 8 39 81 81 11 89 81 82 87 51 12 112 141 28 81 25 116 2 10 112 12 28 32
split_gain=46.0863 7.91955 8.63593 7.65552 18.5336 8.62339 5.9363 8.11585 4.96073 5.01904 4.53746 3.80536 3.77382 3.67823 5.61807 3.63173 3.59641 3.59216 3.38751 3.16519 2.74592 2.68537 2.43223 2.13478 1.95164 1.84961 1.74484 1.7798 1.74359 1.85789
threshold=0.12535332143306735 -0.071069378405809389 1.1601572632789614 0.45000000298023229 1.3891803026199343 0.090640846639871611 0.025000001303851608 -0.78571581840515126 -0.055707795545458787 0.21666666865348819 0.58333334326744091 0.87405452132225048 0.60617190599441539 0.25000000745058065 0.025000001303851608 -0.40833333134651179 0.9276312291622163 1.0023646950721743 0.10833333432674409 0.82973870635032665 -0.025126969441771504 0.21666666865348819 0.09270967543125154 0.69080266356468212 -0.5185180902481078 1.0212467908859255 0.14166667312383655 1.0064240097999575 -0.0052460972219705573 -0.0038273461395874615
decision_type=2 2 2 2 10 8 2 2 10 2 2 2 10 2 2 2 2 2 2 10 10 2 8 10 2 2 2 2 10 10
left_child=1 2 -1 4 8 16 7 10 24 12 21 -2 17 14 25 20 -6 -10 -19 -17 -8 -5 -13 28 -3 -11 -9 -28 29 -21
right_child=11 3 -4 6 5 -7 15 26 9 13 -12 22 -14 -15 -16 19 -18 18 -20 23 -22 -23 -24 -25 -26 -27 27 -29 -30 -31
leaf_value=0.00049968985084748675 -0.0081919184263871559 7.7790416474575366e-05 0.0088909283445026341 -0.0037921410607668809 0.01300549645893186 -0.00012494436203789 0.0027886636114305245 -0.00043733965159717956 0.0011977310072245938 -0.0028813111307946122 -0.00016880719447819677 -0.0018215593585921208 0.00035187872987257494 0.00033226317173220318 -0.00063450218413017118 -0.0021398532420870572 0.0025053354317685918 0.0019384959446995171 0.0051756846430760861 0.0025899960870457059 0.00042063963933414649 -0.010444290677469638 -0.0061614807902014134 0.0024149705021887426 -0.0027561974611588803 -0.011947870094196074 -0.0015466634066096741 -0.0064647326508454547 -0.00063044313502674983 5.1271473703494929e-07
leaf_weight=736 1397 959 542 279 496 223 1414 4353 5264 109 273 593 5507 17210 1020 2226 113 2028 1434 730 9842 438 834 766 1512 174 913 247 15072 13964
leaf_count=736 1397 959 542 279 496 223 1414 4353 5264 109 273 593 5507 17210 1020 2226 113 2028 1434 730 9842 438 834 766 1512 174 913 247 15072 13964
internal_value=-6.98143e-06 0.000194617 0.00410168 0.000136312 0.000693297 0.00806885 -0.00026017 -0.00167038 0.000517406 0.000681511 -0.00584571 -0.0062935 0.00138784 0.000135732 -0.00241998 -5.06436e-05 0.0111465 0.00203579 0.00329492 -0.00031794 0.000722778 -0.00793432 -0.00439555 -0.000183406 -0.00163651 -0.0086543 -0.000910606 -0.00264161 -0.000252032 0.000132729
internal_weight=90668 87844 1278 86566 36049 832 50517 6503 35217 32746 990 2824 14233 18513 1303 44014 609 8726 3462 32758 11256 717 1427 30532 2471 283 5513 1160 29766 14694
internal_count=90668 87844 1278 86566 36049 832 50517 6503 35217 32746 990 2824 14233 18513 1303 44014 609 8726 3462 32758 11256 717 1427 30532 2471 283 5513 1160 29766 14694
is_linear=0
shrinkage=0.05


Tree=4
num_leaves=31
num_cat=0
split_feature=11 0 28 24 16 82 80 121 80 82 12 81 81 44 152 136 2 24 3 80 5 139 79 80 57 36 30 77 27 75
split_gain=35.0719 6.71192 7.15766 6.7425 6.9183 11.9884 8.59419 6.89093 5.41165 4.57303 9.57154 4.76084 10.9383 3.67475 3.30208 3.88168 2.75314 2.66377 2.51564 2.26824 2.24835 2.03716 1.96982 1.85995 2.01856 1.85529 1.69034 1.48378 1.60064 1.40134
threshold=0.8845697045326234 -0.071069378405809389 -0.048889720812439912 0.088817130774259581 1.2992014884948733 0.058333335444331176 0.52500000596046459 0.31790092587471014 0.32500000298023229 0.025000001303851608 1.008922874927521 0.21666666865348819 0.31666667759418493 1.1769376993179324 0.48761685192584997 0.58365386724472057 -0.58295774459838856 0.041763219982385642 0.026295835152268413 0.52500000596046459 0.030325888656079773 1.0569998621940615 0.25000000745058065 0.075000001117587103 1.3500232696533205 0.64589944481849682 0.012380171567201616 0.35833333432674414 0.12556724995374682 0.42499999701976782
decision_type=2 2 8 8 10 2 2 10 2 2 2 2 2 2 10 10 2 10 2 2 2 10 2 2 2 10 10 2 10 2
left_child=21 2 -2 4 7 6 13 16 17 10 27 -12 -13 -6 26 23 -3 -7 -5 25 -18 -1 -17 -16 -25 -10 -11 28 -9 -29
right_child=1 3 -4 18 5 8 -8 9 19 14 11 12 -14 -15 15 22 20 -19 -20 -21 -22 -23 -24 24 -26 -27 -28 29 -30 -31
leaf_value=-0.0076582438346978355 0.00867802768670713 0.0058093629780861591 0.00099818688293015659 -0.00086417916948984877 0.011564884615799865 0.0025783063533554714 0.00052450016671905253 0.0001370231079434432 0.0086884911802169208 -0.00035478719708907766 -0.00078174264311278155 -0.011407487439611085 -0.0021801981918813103 0 0.001809767745279689 0.00073226812790554239 0.0019128101217075874 -0.0038464303759208787 -0.0032163691374252701 0.0012521568994792573 -0.0016045173899211448 -0.0020346151714883969 -0.00030846905967803033 0.00049696318320017324 0.0034419060004094097 0.0011569973953393935 -0.0022925298232163525 0.0001323052844485804 0.0032908039116532044 -0.0016384922505996503
leaf_weight=1533 463 419 930 3668 590 194 368 2524 210 13892 790 528 864 84 3978 5830 4075 764 1709 2104 495 209 20494 16974 609 162 1240 2108 487 2266
leaf_count=1533 463 419 930 3668 590 194 368 2524 210 13892 790 528 864 84 3978 5830 4075 764 1709 2104 495 209 20494 16974 609 162 1240 2108 487 2266
internal_value=9.57565e-06 0.000147964 0.00359105 9.24919e-05 0.000205447 0.00211711 0.00681725 9.44731e-05 0.00067479 -2.84088e-05 -0.00104748 -0.0039573 -0.00572177 0.0101731 0.000125524 0.000329624 0.00189193 -0.00249192 -0.00162154 0.00192073 0.00152062 -0.00701378 -7.60577e-05 0.000827223 0.000601997 0.00555459 -0.000517022 -0.000180549 0.00066464 -0.000773813
internal_weight=90561 88819 1393 87426 82049 4476 1042 77573 3434 72584 9567 2182 1392 674 63017 47885 4989 958 5377 2476 4570 1742 26324 21561 17583 372 15132 7385 3011 4374
internal_count=90561 88819 1393 87426 82049 4476 1042 77573 3434 72584 9567 2182 1392 674 63017 47885 4989 958 5377 2476 4570 1742 26324 21561 17583 372 15132 7385 3011 4374
is_linear=0
shrinkage=0.05


Tree=5
num_leaves=31
num_cat=0
split_feature=1 89 79 16 25 53 32 81 73 82 11 17 26 5 142 26 53 102 5 79 59 53 7 82 142 118 25 152 87 37
split_gain=35.8811 6.79648 5.44908 12.2695 4.25236 4.21 5.35201 4.01263 3.92618 3.75365 4.77853 3.36125 2.7315 2.48643 2.46497 2.27954 2.5171 2.20877 2.1879 2.17149 2.21593 1.99475 1.98046 1.76923 2.20831 1.68479 1.77266 1.67051 1.65932 1.64284
threshold=0.12535332143306735 0.45141318440437322 0.45000000298023229 1.3521531224250796 0.10826709121465684 1.0751398801803591 -0.0033406433649361129 0.15000000596046451 0.90000000596046459 0.025000001303851608 0.99515247344970714 0.84906455874443065 0.17079202085733416 0.037703869864344604 1.0404824614524844 0.065891172736883177 1.0992106199264529 0.55833333730697643 0.022759639658033851 0.25000000745058065 1.1104182004928591 1.1398835182189944 -0.018433318473398682 0.058333335444331176 0.941662758588791 0.91940435767173778 0.080023672431707396 0.49448460340499883 0.85833334922790538 0.70737901329994213
decision_type=2 8 2 10 10 2 10 2 2 2 2 8 10 2 10 10 2 2 2 2 2 2 2 2 10 8 10 10 2 10
left_child=1 2 3 7 14 29 12 13 22 10 17 27 21 15 -5 -1 -17 -3 19 23 -21 -7 -2 24 -11 26 -20 -12 -9 -4
right_child=8 9 5 4 -6 6 -8 28 -10 18 11 -13 -14 -15 -16 16 -18 -19 25 20 -22 -23 -24 -25 -26 -27 -28 -29 -30 -31
leaf_value=0.0012651580422347979 -0.00064061978750396518 -6.1968804567997824e-05 -0.0003256397043035524 0.012662668368444888 -0.0003937988052266004 0.0032301801864931708 0.0004577895750524062 0.00067554361565598043 -0.0021262370367833724 0.010914430187671985 -0.0029989409738563916 -0.001747454552287378 0.00027244532728417818 -0.0025082729949137059 0.004550833060739585 0.0036867183066629106 -0.0028958105761357103 -0.0025149431035583693 -0.0005898446770369512 -0.00024727224264593843 0.0052658881205821136 0.0078701395681559077 -0.0070047140894386913 0.00042471569539819252 0.001874786011408729 0.0025875541227946171 -0.0028483726903362656 -0.0093925006078412268 -0.0015373835416062566 0.00074374635611542306
leaf_weight=2621 149 3688 16870 348 105 550 3440 8458 689 75 186 654 364 264 161 2757 144 1241 2497 23609 182 485 2001 10722 1019 273 1398 342 929 4548
leaf_count=2621 149 3688 16870 348 105 550 3440 8458 689 75 186 654 364 264 161 2757 144 1241 2497 23609 182 485 2001 10722 1019 273 1398 342 929 4548
internal_value=7.4401e-06 0.000186646 0.000646186 0.0013808 0.00831669 0.000202561 0.001535 0.0010963 -0.00552346 -0.000233332 -0.0013873 -0.00424938 0.00414583 0.0021342 0.0102088 0.00236562 0.00334186 -0.000690094 -5.47504e-05 7.08146e-05 -0.000202776 0.00545822 -0.00658742 0.000625878 0.00254957 -0.0011392 -0.00141384 -0.00724467 0.000451071 -9.62027e-05
internal_weight=90769 87930 42044 15787 614 26257 4839 15173 2839 45886 6111 1182 1399 5786 509 5522 2901 4929 39775 35607 23791 1035 2150 11816 1094 4168 3895 528 9387 21418
internal_count=90769 87930 42044 15787 614 26257 4839 15173 2839 45886 6111 1182 1399 5786 509 5522 2901 4929 39775 35607 23791 1035 2150 11816 1094 4168 3895 528 9387 21418
is_linear=0
shrinkage=0.05


Tree=6
num_leaves=31
num_cat=0
split_feature=1 57 39 100 81 81 12 87 9 17 36 19 112 5 152 105 38 74 39 91 36 12 38 12 112 25 42 17 92 92
split_gain=34.2291 6.40654 9.30436 6.60916 5.94676 10.9634 6.98615 5.49509 4.31156 3.76327 3.70742 3.22875 3.22859 3.12135 2.91105 2.86917 2.71313 2.31447 2.26354 2.20799 2.13544 1.95785 1.86441 2.1049 2.63354 1.83432 1.69487 1.66629 2.35703 1.65792
threshold=0.13785236328840259 1.2464840412139895 -0.001394637976773083 0.47499999403953558 0.21666666865348819 0.25000000745058065 1.0073157548904421 -1.0000000180025095e-35 1.0663143396377566 0.78965985774993908 0.80700674653053295 1.0474776625633242 0.058333335444331176 0.040992744266986854 0.50651532411575328 0.47499999403953558 0.0042918480467051276 0.94999998807907116 0.0011285566142760219 0.43786677718162542 0.49910613894462591 1.0033832192420962 0.0040544795338064441 1.008922874927521 0.091666668653488173 0.059998480603098876 -0.0015417257673107085 0.74410033226013195 0.37879440188407904 0.41291674971580511
decision_type=2 2 8 2 2 2 2 2 2 10 10 2 2 2 10 2 10 2 8 10 8 2 8 2 2 8 10 8 10 10
left_child=1 4 3 8 10 6 27 14 15 16 18 -9 -8 21 -5 -3 -7 -2 19 22 25 -12 -1 -24 -25 -4 -11 28 -6 -14
right_child=17 2 20 7 5 9 12 11 -10 26 13 -13 29 -15 -16 -17 -18 -19 -20 -21 -22 -23 23 24 -26 -27 -28 -29 -30 -31
leaf_value=0.00081762727919050678 -0.006976386635659893 -0.003174673288024555 0.0015245054833355556 0 -0.0094826873521217051 -0.0020890113824886133 -0.0029122612364425541 0.011255698672361996 0.0061625309650926796 -0.00025647783883300318 0.0012058399182078058 0.0030594686954827921 -0.011142563082022522 -0.0026672745357581322 0.0048946732832042253 0.0013404015582455964 -3.6908563975629862e-05 -0.0024672048968337051 -0.00023011168205112122 0.00013674609194887197 0.0006260979891457171 0.0032658878134561062 0.0020159071508654507 0.0013780969141214338 0.012014381104734529 -0.0019795934996494399 0.00045762816719491196 -0.00093649458561867916 -0.00099343429496955319 -0.005295824270265607
leaf_weight=4327 1791 397 447 483 152 4003 395 448 423 20476 3095 191 378 373 865 2777 2779 384 12816 8159 3725 1963 1563 126 131 1912 13964 1815 209 246
leaf_count=4327 1791 397 447 483 152 4003 395 448 423 20476 3095 191 378 373 865 2777 2779 384 12816 8159 3725 1963 1563 126 131 1912 13964 1815 209 246
internal_value=-8.80295e-06 0.000142738 0.00123454 0.0027085 -2.21345e-05 -0.000398997 -0.00322106 0.00503217 0.00140996 -0.000178981 0.000490536 0.00889254 -0.00665133 0.00168445 0.00315992 0.000759092 -0.00125564 -0.00620476 0.000249567 0.000682766 -0.000110295 0.00201571 0.00139923 0.00275332 0.00701906 -0.00129406 3.16158e-05 -0.00158941 -0.0047223 -0.00892976
internal_weight=90813 88638 11668 5584 76970 44417 3195 1987 3597 41222 32553 639 1019 5431 1348 3174 6782 2175 27122 14306 6084 5058 6147 1820 257 2359 34440 2176 361 624
internal_count=90813 88638 11668 5584 76970 44417 3195 1987 3597 41222 32553 639 1019 5431 1348 3174 6782 2175 27122 14306 6084 5058 6147 1820 257 2359 34440 2176 361 624
is_linear=0
shrinkage=0.05


Tree=7
num_leaves=31
num_cat=0
split_feature=1 89 32 39 81 11 142 132 135 17 81 11 81 31 18 124 32 46 25 16 26 92 8 148 87 139 81 132 55 79
split_gain=29.9468 5.67474 4.58967 6.90607 4.63553 3.69985 2.8261 2.69626 2.94411 2.53419 4.16921 3.44623 2.96548 2.4189 2.33956 2.10155 1.96516 1.96202 1.93737 1.92119 1.91971 1.83742 1.69211 1.64526 1.6038 1.58023 1.57613 1.51882 1.47006 1.42036
threshold=0.12111108377575876 0.45141318440437322 -0.0054802712984383098 -0.004298826213926076 0.18333333730697635 0.8845697045326234 1.3445805311203005 2.0042903423309331 0.38774284720420843 0.78395977616310131 0.18333333730697635 0.99408355355262767 0.31666667759418493 0.0070402598939836034 1.1198952198028567 0.36233550310134893 0.0029127235757187013 1.1125057339668276 0.14468673616647723 1.2535587549209597 0.16274790465831759 0.59340840578079235 0.41666953265666967 0.54054811596870433 0.87500000000000011 1.0777033567428591 0.48333333432674414 0.62476608157157909 1.2770664095878603 0.25000000745058065
decision_type=2 8 10 10 2 2 10 2 10 10 2 2 2 10 2 8 8 2 10 8 10 10 2 10 2 10 2 2 2 2
left_child=1 2 3 6 13 25 7 8 -1 10 17 26 21 -4 15 -11 -7 22 23 -9 -10 -13 -3 -15 29 -2 -12 -17 -19 -6
right_child=5 9 4 -5 24 16 -8 19 20 14 11 12 -14 18 -16 27 -18 28 -20 -21 -22 -23 -24 -25 -26 -27 -28 -29 -30 -31
leaf_value=0.0063830111177090899 -0.0068941765370368856 0.0019741360551973606 0.00070909083756061483 0.00048317525716475419 0.00075590952780539957 -0.00015415750051033685 0.0010691320628362314 0.00032263836681412425 0.0032333378106624068 -0.00020981001490065596 -0.0020156683533095643 -0.010585571014139145 -0.0023091319330589004 0.0011404061379421233 0.0045188596539134001 -0.00011619102225417691 -0.0041455666666480656 -0.001118497643778888 -0.0029972294436043339 0.010571013800129578 -0.0032408503443694366 -0.0019254950279205601 -0.00038593772772505425 0.0033435726186883696 -0.0020415030416726402 -0.0015487044079834469 0 0.0014923307249321753 0.0049479359429356147 -0.00014897747071168643
leaf_weight=613 1531 1714 8801 3107 5779 489 560 65 359 28433 2670 257 571 1515 284 2433 979 2771 161 329 161 101 1309 2209 929 180 1567 3500 100 17214
leaf_count=613 1531 1714 8801 3107 5779 489 560 65 359 28433 2670 257 571 1515 284 2433 979 2771 161 329 161 101 1309 2209 929 180 1567 3500 100 17214
internal_value=7.73746e-06 0.000181483 0.000602811 0.00199603 0.000403724 -0.00475798 0.00422302 0.00534547 0.00401953 -0.000202734 -0.000861691 -0.00189868 -0.00467559 0.00117632 6.17523e-06 -2.9793e-05 -0.00285105 3.89026e-05 0.00222146 0.00901197 0.00113049 -0.00829381 0.000935868 0.00246125 -3.93295e-06 -0.00636226 -0.00127706 0.000824375 -0.000888139 7.63029e-05
internal_weight=90691 87512 41802 5194 36608 3179 2087 1527 1133 45710 11060 5166 929 12686 34650 34366 1468 5894 3885 394 520 358 3023 3724 23922 1711 4237 5933 2871 22993
internal_count=90691 87512 41802 5194 36608 3179 2087 1527 1133 45710 11060 5166 929 12686 34650 34366 1468 5894 3885 394 520 358 3023 3724 23922 1711 4237 5933 2871 22993
is_linear=0
shrinkage=0.05


Tree=8
num_leaves=31
num_cat=0
split_feature=1 0 53 79 142 86 5 87 81 81 73 76 81 81 17 28 92 32 38 79 1 79 87 141 17 1 76 26 81 121
split_gain=27.3312 5.67695 5.56403 4.97127 6.87074 6.11317 5.56221 4.38625 3.73443 3.34129 3.27047 3.05541 3.01937 5.96732 4.70846 2.54634 2.44615 2.44263 2.76948 2.89644 2.24909 2.15625 2.0884 2.07682 2.05739 1.75286 1.7526 3.52008 1.75997 1.47022
threshold=0.12535332143306735 -0.071069378405809389 1.1601572632789614 0.45000000298023229 0.87241098284721386 -0.21666666865348813 0.026472804136574272 -0.35833333432674402 0.21666666865348819 0.25000000745058065 0.90000000596046459 0.11666667088866235 0.21666666865348819 0.25000000745058065 0.81802663207054149 -0.010676467791199682 0.44803433120250707 0.0059365411289036283 -0.0054864680860191575 0.15000000223517421 0.077386878430843367 0.15000000223517421 0.84166666865348827 0.86714687943458568 0.65373903512954723 0.041514003649353988 0.050000002607703216 0.10792984440922739 0.68333333730697643 0.29238411784172064
decision_type=2 2 2 2 8 2 2 2 2 2 2 2 2 2 10 10 10 10 10 2 2 2 2 10 8 2 2 10 2 10
left_child=1 2 -1 4 5 11 8 15 17 22 -2 -3 29 14 16 25 -14 -6 -19 -20 -8 -7 -10 -15 -25 -5 27 -11 -29 -9
right_child=10 3 -4 7 6 21 20 12 9 26 -12 -13 13 23 -16 -17 -18 18 19 -21 -22 -23 -24 24 -26 -27 -28 28 -30 -31
leaf_value=0.00063184843305435611 -0.0057833352665337479 0.010872022295158143 0.0074332516925289501 0.00047493420545107671 0.00096890353907484066 -0.00048989886719641158 -0.00021288743337688549 0.0026842236957673434 -0.0012263112606726951 0.0007355803554502916 -0.0017122457236905609 -0.0022949163540033624 -0.0098275311848810241 -0.0020217007000635644 -0.001526041122583558 0.00010267137147661187 -0.0029409762921543811 9.6413453441029814e-05 0.0017739107805124978 0.0062907309960737127 -0.0030407821966083747 0.004246249506687525 -0.0064281386862043294 -0.0034741206794232887 -0.00032718394710139757 0.002557085407826655 0.00015936320181844313 0.0079537966693679508 0 -2.6364611207219667e-05
leaf_weight=741 2142 355 527 1925 11006 465 1440 515 1037 1951 692 43 377 2329 922 8199 235 680 766 734 1454 462 249 539 17317 2301 15092 290 102 15577
leaf_count=741 2142 355 527 1925 11006 465 1440 515 1037 1951 692 43 377 2329 922 8199 235 680 766 734 1454 462 249 539 17317 2301 15092 290 102 15577
internal_value=2.33115e-05 0.000180178 0.00350165 0.000130792 0.000578469 0.00411552 0.000442249 -0.000190154 0.000633768 0.00017667 -0.00480786 0.00932196 -0.000458739 -0.00084347 -0.00385499 0.000623132 -0.00727386 0.00127888 0.00281978 0.00402017 -0.00165151 0.00181866 -0.00227657 -0.000611947 -0.000425166 0.0016208 0.000360608 0.00163494 0.00597057 5.74381e-05
internal_weight=90464 87630 1268 86362 36126 1325 34801 50236 31907 18721 2834 398 37811 21719 1534 12425 612 13186 2180 1500 2894 927 1286 20185 17856 4226 17435 2343 392 16092
internal_count=90464 87630 1268 86362 36126 1325 34801 50236 31907 18721 2834 398 37811 21719 1534 12425 612 13186 2180 1500 2894 927 1286 20185 17856 4226 17435 2343 392 16092
is_linear=0
shrinkage=0.05


end of trees

feature_importances:
feature_IMIN30=24
feature_IMIN60=13
feature_IMIN10=10
feature_KLEN=9
feature_KLOW=9
feature_STD20=9
feature_LOW0=8
feature_VWAP0=7
feature_ROC60=7
feature_BETA60=7
feature_RESI5=7
feature_IMIN20=7
feature_RESI10=6
feature_QTLU5=6
feature_IMXD60=6
feature_VSUMN60=6
feature_ROC30=5
feature_STD30=5
feature_BETA5=5
feature_CORR10=5
feature_WVMA60=5
feature_KMID=4
feature_OPEN0=4
feature_STD10=4
feature_QTLU60=4
feature_CORR60=4
feature_CNTD60=4
feature_HIGH0=3
feature_MA5=3
feature_RSQR30=3
feature_IMAX5=3
feature_IMXD30=3
feature_CNTP60=3
feature_SUMN30=3
feature_WVMA10=3
feature_KMID2=2
feature_KUP=2
feature_KSFT2=2
feature_MA10=2
feature_RSQR60=2
feature_MAX10=2
feature_MAX30=2
feature_MIN5=2
feature_QTLD10=2
feature_IMAX30=2
feature_CNTP20=2
feature_SUMD10=2
feature_VMA60=2
feature_WVMA30=2
feature_KSFT=1
feature_ROC20=1
feature_STD60=1
feature_BETA10=1
feature_BETA20=1
feature_BETA30=1
feature_RESI20=1
feature_RESI60=1
feature_MIN30=1
feature_MIN60=1
feature_QTLU20=1
feature_QTLD20=1
feature_RSV30=1
feature_IMAX10=1
feature_IMAX20=1
feature_IMAX60=1
feature_CORR30=1
feature_CNTN20=1
feature_CNTN60=1
feature_SUMP10=1
feature_SUMP30=1
feature_SUMP60=1
feature_SUMN5=1
feature_SUMD60=1
feature_VSTD20=1
feature_VSTD30=1
feature_VSUMN5=1
feature_VSUMD10=1

parameters:
[boosting: gbdt]
[objective: regression]
[metric: l2]
[tree_learner: serial]
[device_type: cpu]
[data_sample_strategy: bagging]
[data: ]
[valid: ]
[num_iterations: 400]
[learning_rate: 0.05]
[num_leaves: 31]
[num_threads: 20]
[seed: 42]
[deterministic: 0]
[force_col_wise: 0]
[force_row_wise: 0]
[histogram_pool_size: -1]
[max_depth: -1]
[min_data_in_leaf: 20]
[min_sum_hessian_in_leaf: 0.001]
[bagging_fraction: 0.8]
[pos_bagging_fraction: 1]
[neg_bagging_fraction: 1]
[bagging_freq: 1]
[bagging_seed: 400]
[bagging_by_query: 0]
[feature_fraction: 0.8]
[feature_fraction_bynode: 1]
[feature_fraction_seed: 30056]
[extra_trees: 0]
[extra_seed: 12879]
[early_stopping_round: 0]
[early_stopping_min_delta: 0]
[first_metric_only: 0]
[max_delta_step: 0]
[lambda_l1: 1]
[lambda_l2: 1]
[linear_lambda: 0]
[min_gain_to_split: 0]
[drop_rate: 0.1]
[max_drop: 50]
[skip_drop: 0.5]
[xgboost_dart_mode: 0]
[uniform_drop: 0]
[drop_seed: 17869]
[top_rate: 0.2]
[other_rate: 0.1]
[min_data_per_group: 100]
[max_cat_threshold: 32]
[cat_l2: 10]
[cat_smooth: 10]
[max_cat_to_onehot: 4]
[top_k: 20]
[monotone_constraints: ]
[monotone_constraints_method: basic]
[monotone_penalty: 0]
[feature_contri: ]
[forcedsplits_filename: ]
[refit_decay_rate: 0.9]
[cegb_tradeoff: 1]
[cegb_penalty_split: 0]
[cegb_penalty_feature_lazy: ]
[cegb_penalty_feature_coupled: ]
[path_smooth: 0]
[interaction_constraints: ]
[verbosity: -1]
[saved_feature_importance_type: 0]
[use_quantized_grad: 0]
[num_grad_quant_bins: 4]
[quant_train_renew_leaf: 0]
[stochastic_rounding: 1]
[linear_tree: 0]
[max_bin: 255]
[max_bin_by_feature: ]
[min_data_in_bin: 3]
[bin_construct_sample_cnt: 200000]
[data_random_seed: 175]
[is_enable_sparse: 1]
[enable_bundle: 1]
[use_missing: 1]
[zero_as_missing: 0]
[feature_pre_filter: 1]
[pre_partition: 0]
[two_round: 0]
[header: 0]
[label_column: ]
[weight_column: ]
[group_column: ]
[ignore_column: ]
[categorical_feature: ]
[forcedbins_filename: ]
[precise_float_parser: 0]
[parser_config_file: ]
[objective_seed: 16083]
[num_class: 1]
[is_unbalance: 0]
[scale_pos_weight: 1]
[sigmoid: 1]
[boost_from_average: 1]
[reg_sqrt: 0]
[alpha: 0.9]
[fair_c: 1]
[poisson_max_delta_step: 0.7]
[tweedie_variance_power: 1.5]
[lambdarank_truncation_level: 30]
[lambdarank_norm: 1]
[label_gain: ]
[lambdarank_position_bias_regularization: 0]
[eval_at: ]
[multi_error_top_k: 1]
[auc_mu_weights: ]
[num_machines: 1]
[local_listen_port: 12400]
[time_out: 120]
[machine_list_filename: ]
[machines: ]
[gpu_platform_id: -1]
[gpu_device_id: -1]
[gpu_device_id_list: ]
[gpu_use_dp: 0]
[num_gpu: 1]

end of parameters

pandas_categorical:[]
