tree
version=v4
num_class=1
num_tree_per_iteration=1
label_index=0
max_feature_idx=159
objective=regression
feature_names=feature_KMID feature_KLEN feature_KMID2 feature_KUP feature_KUP2 feature_KLOW feature_KLOW2 feature_KSFT feature_KSFT2 feature_OPEN0 feature_HIGH0 feature_LOW0 feature_VWAP0 feature_ROC5 feature_ROC10 feature_ROC20 feature_ROC30 feature_ROC60 feature_MA5 feature_MA10 feature_MA20 feature_MA30 feature_MA60 feature_STD5 feature_STD10 feature_STD20 feature_STD30 feature_STD60 feature_BETA5 feature_BETA10 feature_BETA20 feature_BETA30 feature_BETA60 feature_RSQR5 feature_RSQR10 feature_RSQR20 feature_RSQR30 feature_RSQR60 feature_RESI5 feature_RESI10 feature_RESI20 feature_RESI30 feature_RESI60 feature_MAX5 feature_MAX10 feature_MAX20 feature_MAX30 feature_MAX60 feature_MIN5 feature_MIN10 feature_MIN20 feature_MIN30 feature_MIN60 feature_QTLU5 feature_QTLU10 feature_QTLU20 feature_QTLU30 feature_QTLU60 feature_QTLD5 feature_QTLD10 feature_QTLD20 feature_QTLD30 feature_QTLD60 feature_RANK5 feature_RANK10 feature_RANK20 feature_RANK30 feature_RANK60 feature_RSV5 feature_RSV10 feature_RSV20 feature_RSV30 feature_RSV60 feature_IMAX5 feature_IMAX10 feature_IMAX20 feature_IMAX30 feature_IMAX60 feature_IMIN5 feature_IMIN10 feature_IMIN20 feature_IMIN30 feature_IMIN60 feature_IMXD5 feature_IMXD10 feature_IMXD20 feature_IMXD30 feature_IMXD60 feature_CORR5 feature_CORR10 feature_CORR20 feature_CORR30 feature_CORR60 feature_CORD5 feature_CORD10 feature_CORD20 feature_CORD30 feature_CORD60 feature_CNTP5 feature_CNTP10 feature_CNTP20 feature_CNTP30 feature_CNTP60 feature_CNTN5 feature_CNTN10 feature_CNTN20 feature_CNTN30 feature_CNTN60 feature_CNTD5 feature_CNTD10 feature_CNTD20 feature_CNTD30 feature_CNTD60 feature_SUMP5 feature_SUMP10 feature_SUMP20 feature_SUMP30 feature_SUMP60 feature_SUMN5 feature_SUMN10 feature_SUMN20 feature_SUMN30 feature_SUMN60 feature_SUMD5 feature_SUMD10 feature_SUMD20 feature_SUMD30 feature_SUMD60 feature_VMA5 feature_VMA10 feature_VMA20 feature_VMA30 feature_VMA60 feature_VSTD5 feature_VSTD10 feature_VSTD20 feature_VSTD30 feature_VSTD60 feature_WVMA5 feature_WVMA10 feature_WVMA20 feature_WVMA30 feature_WVMA60 feature_VSUMP5 feature_VSUMP10 feature_VSUMP20 feature_VSUMP30 feature_VSUMP60 feature_VSUMN5 feature_VSUMN10 feature_VSUMN20 feature_VSUMN30 feature_VSUMN60 feature_VSUMD5 feature_VSUMD10 feature_VSUMD20 feature_VSUMD30 feature_VSUMD60 pe earnings_yield
feature_infos=[-0.18378382921218872:0.23204429447650909] [0:0.2587992250919342] [-1:1] [0:0.17515505850315094] [0:1] [0:0.1814553290605545] [0:1] [-0.21837836503982544:0.2587992250919342] [-1:1] [0.81165915727615356:1.2251656055450439] [1:1.2768211364746094] [0.78991591930389404:1] [0.86167383193969727:1.1553093194961548] [0.50938946008682251:1.8084112405776978] [0.38546353578567505:2.5034608840942383] [0.20094425976276398:3.1202185153961182] [0.18492695689201355:5.7117090225219727] [0.13746649026870728:7.1328182220458984] [0.73912703990936279:1.3500000238418579] [0.58375918865203857:1.6204214096069336] [0.48958152532577515:2.2400727272033691] [0.40701004862785339:2.491147518157959] [0.28582838177680969:3.7705175876617432] [0:0.31421336531639099] [0.00023446726845577359:0.44042909145355225] [0.0005574155948124826:0.84243810176849365] [0.0005574155948124826:1.5140218734741211] [0.0005574155948124826:2.5884873867034912] [-0.18953272700309753:0.11699225753545761] [-0.14318288862705231:0.091486923396587372] [-0.13684648275375366:0.091486923396587372] [-0.153787761926651:0.091486923396587372] [-0.13677342236042023:0.091486923396587372] [0:1] [0:1] [0:1] [2.2261162995574702e-15:1] [8.3690260277435868e-10:1] [-0.11662719398736954:0.098536819219589233] [-0.23734408617019653:0.19709315896034241] [-0.45356476306915283:0.34632593393325806] [-0.59292685985565186:0.92638540267944336] [-1.1882275342941284:1.6086900234222412] [1:1.7841874361038208] [1:2.2531874179840088] [1:3.1650238037109375] [1:5.7535200119018555] [1:9.3708133697509766] [0.50947773456573486:1] [0.34822705388069153:1] [0.19764620065689087:1] [0.18116329610347748:1] [0.079663857817649841:1] [0.86649966239929199:1.6521495580673218] [0.72217452526092529:2.0949892997741699] [0.58081799745559692:3.0763568878173828] [0.47937741875648499:3.5877678394317627] [0.33353924751281738:7.2022075653076172] [0.58712047338485718:1.184606671333313] [0.39663863182067871:1.3228549957275391] [0.22801922261714935:1.6053929328918457] [0.19504037499427795:1.7554135322570801] [0.12582564353942871:2.6131875514984131] [0.20000000298023224:1] [0.10000000149011612:1] [0.05000000074505806:1] [0.033333335071802139:1] [0.01666666753590107:1] [0:1] [0:1] [0:1] [0:1] [0:1] [0.20000000298023224:1] [0.10000000149011612:1] [0.05000000074505806:1] [0.033333335071802139:1] [0.01666666753590107:1] [0.20000000298023224:1] [0.10000000149011612:1] [0.05000000074505806:1] [0.033333335071802139:1] [0.01666666753590107:1] [-0.80000001192092896:0.80000001192092896] [-0.89999997615814209:0.89999997615814209] [-0.94999998807907104:0.94999998807907104] [-0.96666663885116577:0.96666663885116577] [-0.98333334922790527:0.98333334922790527] [-1:1] [-1:1] [-1:1] [-1:1] [-1:1] [-1:1] [-1:1] [-1:1] [-1:1] [-1:1] [0:1] [0:1] [0:0.94999998807907104] [0:0.86666667461395264] [0:0.76666665077209473] [0:1] [0:1] [0:0.94999998807907104] [0:0.86666667461395264] [0:0.83333331346511841] [-1:1] [-1:1] [-0.94999998807907104:0.89999997615814209] [-0.76666665077209473:0.76666665077209473] [-0.75:0.55000001192092896] [0:1] [0:1] [0:1] [0:1] [0:1] [0:1] [0:1] [0:1] [0:1] [0:1] [-1:1] [-1:1] [-1:1] [-1:1] [-1:1] [0.20471267402172089:235.782958984375] [0.10461504012346268:383.34182739257812] [0.075067855417728424:425.7928466796875] [0.056173093616962433:430.86871337890625] [0.033522188663482666:438.94296264648438] [0.00029457567143253982:408.0859375] [0.0027553131803870201:414.00186157226562] [0.0027553131803870201:307.87985229492188] [0.0027553131803870201:262.36935424804688] [0.0027553131803870201:275.11691284179688] [0:2.2360680103302002] [0.018472533673048019:3.0074613094329834] [0.068585917353630066:3.8974208831787109] [0.068585917353630066:4.5948772430419922] [0.068585917353630066:5.3810009956359863] [0:1] [0:1] [0:1] [0:1] [0:1] [0:1] [0:1] [0:1] [0:1] [0:1] [-1:1] [-1:1] [-1:1] [-1:1] [-1:1] [0.012345679012345678:1] [0.012345679012345678:1]
tree_sizes=3016 3035 3040 3024 3017 3058 3038 3014 3065 3019 3073 3025 3076 3065

Tree=0
num_leaves=31
num_cat=0
split_feature=1 57 48 100 82 121 9 82 8 73 144 44 157 71 82 102 17 2 80 37 114 53 105 27 0 80 1 39 147 43
split_gain=56.8039 9.64465 15.5173 9.06676 7.31878 7.28359 7.08243 6.43193 12.4588 5.98625 5.1511 4.19311 3.97783 3.97302 3.86384 3.58963 3.42927 3.33072 3.22329 2.89985 2.49134 2.44313 2.37505 2.07727 2.04264 2.00193 1.75786 2.26007 1.73967 1.71751
threshold=0.12535332143306735 1.2957590222358706 0.94281196594238292 0.47499999403953558 0.058333335444331176 0.2973166704177857 1.0663143396377566 0.025000001303851608 -0.77777883410453785 0.90000000596046459 0.51230028271675121 1.0983616113662722 0.052461091428995139 0.6754380762577058 0.075000002980232253 0.52500000596046459 0.74410033226013195 -0.41150230169296259 0.32500000298023229 0.81603989005088817 0.41916292905807501 1.1525650620460512 0.47499999403953558 0.11065398901700975 -0.018506219610571858 0.37500000000000006 0.079190649092197432 -0.023191865533590313 0.49953979253768926 1.1572368741035464
decision_type=2 2 2 2 2 8 2 2 2 2 10 2 10 2 2 2 8 2 2 10 10 2 2 10 2 2 2 10 10 2
left_child=1 5 11 6 20 17 22 8 10 24 15 14 13 19 -3 -7 -10 -1 -13 28 -5 -6 29 -18 -2 -17 -19 -28 -9 -4
right_child=9 2 3 4 21 7 -8 12 16 -11 -12 18 -14 -15 -16 25 23 26 -20 -21 -22 -23 -24 -25 -26 -27 27 -29 -30 -31
leaf_value=0.0074095005890021763 -1.7814295836528996e-06 0.012605714846088589 0.0044883335864837389 0.0076228151314232028 0.0051662676445322579 -0.0022166640032151774 0.010078458713238696 0.0019752739866958657 -0.00035743687480064299 -0.0010778355859661663 0.0013001770297768767 -0.002621787686148523 0.00080162430421806168 0.0027901745935605283 0.0025940479724657025 -0.0096192121561765771 0.0014992576570392983 0.0040408669420996923 0.0011916475119987035 0.0033734926391568816 0.017457343147027619 0.010732061750008473 0.0036075176718219802 0.003896376688793337 -0.0069163501527213173 -0.0022021231500706931 -0.0034538980771218206 0.0026758311510026956 0.0013160365189953645 -0.0027379680842287311
leaf_weight=596 133 122 108 113 941 580 416 24181 2267 708 436 775 7298 13507 512 460 5298 2308 2086 2776 259 274 3081 1086 2003 144 185 763 17007 270
leaf_count=596 133 122 108 113 941 580 416 24181 2267 708 436 775 7298 13507 512 460 5298 2308 2086 2776 259 274 3081 1086 2003 144 185 763 17007 270
internal_value=0.00177695 0.00200158 0.00355638 0.00522269 0.00841968 0.0018244 0.0038991 0.00171618 0.000553445 -0.00517694 -0.00347247 0.000966335 0.00189981 0.00204015 0.00461331 -0.00518586 0.00131365 0.00394507 0.000139993 0.00180857 0.0146276 0.00646887 0.00313931 0.00189947 -0.00651025 -0.00794308 0.00329403 0.00152804 0.00170428 -0.000539741
internal_weight=90693 87849 8957 5462 1587 78892 3875 75040 10271 2844 1620 3495 64769 57471 634 1184 8651 3852 2861 43964 372 1215 3459 6384 2136 604 3256 948 41188 378
internal_count=90693 87849 8957 5462 1587 78892 3875 75040 10271 2844 1620 3495 64769 57471 634 1184 8651 3852 2861 43964 372 1215 3459 6384 2136 604 3256 948 41188 378
is_linear=0
shrinkage=1


Tree=1
num_leaves=31
num_cat=0
split_feature=1 57 39 82 0 81 81 82 59 89 139 25 86 17 38 79 10 85 53 117 24 46 53 7 44 16 59 23 0 124
split_gain=53.9321 8.48625 13.7935 8.44185 9.17228 7.68479 14.3964 20.0876 6.53509 5.65307 4.40103 4.22517 4.05933 3.70316 3.69361 3.64002 3.41051 3.29442 3.01955 2.99623 2.90581 2.85443 2.30737 2.29064 1.94502 1.9145 3.27333 2.42835 1.90115 1.87702
threshold=0.13043481856584552 1.257884204387665 -0.004298826213926076 0.058333335444331176 -0.062028249725699418 0.21666666865348819 0.25000000745058065 0.025000001303851608 1.0096209645271303 0.4865062683820725 0.84619471430778515 0.088821507990360274 -0.45000000298023218 0.78965985774993908 0.0022422784240916376 0.45000000298023229 1.0187500119209292 -0.22500000149011609 1.0857774019241335 0.50621095299720775 0.042328258976340301 1.0806029438972475 1.1601572632789614 -0.010590056423097847 1.0457538962364199 1.4567780494689944 1.0054662227630617 0.047521611675620086 -0.066059924662113176 -0.097235042601823793
decision_type=2 2 8 2 2 2 2 2 2 8 8 10 2 10 10 2 2 2 2 10 8 2 2 2 2 10 2 10 2 8
left_child=1 5 3 8 22 9 7 16 19 15 -2 25 -4 14 24 18 -7 -13 23 -3 -14 -11 -5 -1 -8 27 -27 -6 -10 -15
right_child=10 2 12 4 11 6 13 -9 28 21 -12 17 20 29 -16 -17 -18 -19 -20 -21 -22 -23 -24 -25 -26 26 -28 -29 -30 -31
leaf_value=0.0036345015727213548 -0.0088565045126208306 0.013769063993408149 0.00095016413139491207 0.0022822588175545585 0.00093357025588461362 -0.0047074878792735305 -5.0200744452871826e-05 -0.001353226776843088 0.010431214211168827 0.0007184621812824926 -0.0043746503449975695 0.0014507473346920049 0.0014913008318288184 -0.00032834921069391335 4.3920670274735569e-05 0.00055694115244317346 -0.012626007719732383 -0.0038443114064651723 -0.0028484427002364431 0.00010451454651990422 -0.0026298169955136213 -0.0005919284408617484 0.0097731760607844918 0.0016664625454315294 -0.0028927634865906437 0.011880955100019913 0.0011918371665027424 0.0050038320122633246 0.0017986990480245862 0.00040392018819541611
leaf_weight=2293 1588 389 3672 156 1391 210 804 2406 83 7282 928 617 537 17151 3034 8073 577 546 285 53 1871 9669 476 4682 2912 146 163 520 372 17832
leaf_count=2293 1588 389 3672 156 1391 210 804 2406 83 7282 928 617 537 17151 3034 8073 577 546 285 53 1871 9669 476 4682 2912 146 163 520 372 17832
internal_value=-8.3912e-06 0.000196998 0.0014968 0.00346734 0.00246821 1.12872e-05 -0.000410907 -0.00364694 0.00787608 0.00060035 -0.00722568 0.00141614 -8.72792e-05 -0.000162037 -0.00123444 0.00129605 -0.0105852 -0.000993365 0.00211086 0.0122474 -0.00168979 -2.60375e-05 0.00800967 0.00232104 -0.00229137 0.00270081 0.00642568 0.00206931 0.00350249 4.34845e-05
internal_weight=90718 88202 10992 4912 4015 77210 44926 3193 897 32284 2516 3383 6080 41733 6750 15333 787 1163 7260 442 2408 16951 632 6975 3716 2220 309 1911 455 34983
internal_count=90718 88202 10992 4912 4015 77210 44926 3193 897 32284 2516 3383 6080 41733 6750 15333 787 1163 7260 442 2408 16951 632 6975 3716 2220 309 1911 455 34983
is_linear=0
shrinkage=0.05


Tree=2
num_leaves=31
num_cat=0
split_feature=1 9 53 79 16 100 5 81 11 82 12 55 89 81 82 82 141 36 50 80 26 79 117 112 126 157 16 117 142 56
split_gain=47.082 7.7294 9.16424 7.73882 20.4987 7.10046 6.20095 5.7892 5.07872 4.61006 7.32142 6.02406 4.07557 3.88073 5.98561 3.52314 3.25372 3.03955 3.00346 3.06877 2.81873 2.65025 2.44914 2.1688 2.05025 2.21227 1.99233 1.9634 1.94697 1.85074
threshold=0.12111108377575876 1.0710268616676333 1.1601572632789614 0.45000000298023229 1.3891803026199343 0.42499999701976782 0.032942539080977447 0.21666666865348819 0.8845697045326234 0.025000001303851608 1.0077636837959292 1.082800090312958 0.52778735756874096 0.25000000745058065 0.025000001303851608 0.99166667461395275 0.82973870635032665 0.5634579360485078 0.67301401495933544 0.52500000596046459 0.069126386195421233 0.15000000223517421 0.5332573950290681 0.058333335444331176 0.40815353393554693 -0.020905509591102597 1.3363880515098574 0.63286173343658458 1.375275254249573 1.1717621088027956
decision_type=2 2 2 2 10 2 2 2 2 2 2 2 8 2 2 2 10 10 2 2 10 2 8 2 10 10 10 8 10 2
left_child=1 3 -3 4 6 -6 7 12 28 10 -5 17 20 14 -9 16 -11 23 -7 -20 -1 -22 -8 -12 25 26 -18 -10 -2 -28
right_child=8 2 -4 9 5 18 22 13 27 15 11 -13 -14 -15 -16 -17 24 -19 19 -21 21 -23 -24 -25 -26 -27 29 -29 -30 -31
leaf_value=0.0013375941053639414 -0.0083639587432844578 0.0007139369341082843 0.0086955454746944459 -0.00047871836398709415 0.0010200965060940983 -0.0036261959622303644 0.0014352629099319519 -0.0090752585881749507 -0.0023053209907699197 -0.0018963451510569003 -0.0047873511784596876 -0.0012759254796214149 0.00054206277399984528 0.00030626683775497767 -0.00073303069587449536 0.0016865979943560289 0.00024448015570683598 -0.0013452064971058095 0.013521376361785305 0.0005353850537600616 0.0019028114102604761 0.004758901533589494 -0.0031914308532773302 -0.011201194837419527 0.0028752536173466646 -0.00038434073400309804 0.0078181811907122051 -0.0062288656412781123 -0.0029049566697004602 0.0015936935422247453
leaf_weight=4058 1554 991 578 4733 241 26 337 274 997 2599 246 854 6738 17760 1066 2679 11649 187 502 59 1742 1674 1487 417 581 25220 150 523 217 775
leaf_count=4058 1554 991 578 4733 241 26 337 274 997 2599 246 854 6738 17760 1066 2679 11649 187 502 59 1742 1674 1487 417 581 25220 150 523 217 775
internal_value=-8.25184e-06 0.000211742 0.00368977 0.000147704 0.000707643 0.00848291 0.000522755 0.000679368 -0.00587906 -0.000253332 -0.00150274 -0.00431577 0.00144375 0.00010794 -0.00248161 -6.79211e-05 -0.000183895 -0.00730608 0.0114549 0.012248 0.00224977 0.00331805 -0.00230889 -0.00890749 -6.6568e-05 -0.00011319 0.000426676 -0.00369141 -0.0077253 0.00266442
internal_weight=90914 87623 1569 86054 35964 828 35136 33312 3291 50090 6437 1704 14212 19100 1340 43653 40974 850 587 561 7474 3416 1824 663 38375 37794 12574 1520 1771 925
internal_count=90914 87623 1569 86054 35964 828 35136 33312 3291 50090 6437 1704 14212 19100 1340 43653 40974 850 587 561 7474 3416 1824 663 38375 37794 12574 1520 1771 925
is_linear=0
shrinkage=0.05


Tree=3
num_leaves=31
num_cat=0
split_feature=1 0 53 79 16 5 100 82 8 36 56 87 52 38 32 79 141 12 18 147 38 80 30 126 112 44 92 92 12 5
split_gain=45.7525 7.56364 8.42651 6.75644 17.4174 7.62315 6.52913 5.71354 7.47434 4.78755 4.10823 3.5753 3.53897 3.27934 3.20487 5.09173 3.05206 2.80347 2.7859 2.39603 2.32501 2.31068 2.22859 2.1202 1.93847 1.89737 1.67244 1.59735 1.5736 1.51777
threshold=0.13785236328840259 -0.071069378405809389 1.1601572632789614 0.45000000298023229 1.3891803026199343 0.03923341631889344 0.42499999701976782 0.025000001303851608 -0.78571581840515126 0.8346342444419862 1.155694901943207 -0.40833333134651179 0.67571452260017406 -0.0048547792248427859 0.0059365411289036283 0.15000000223517421 0.82973870635032665 0.99827283620834362 1.0630011558532717 0.52998143434524547 0.0114088854752481 0.52500000596046459 0.009801395237445833 0.38213986158370977 0.14166667312383655 1.1220558881759646 0.44803433120250707 0.38746492564678198 1.0064240097999575 0.044628545641899116
decision_type=2 2 2 2 10 2 2 2 2 10 2 2 2 10 10 2 10 2 2 10 10 2 8 10 2 2 10 10 2 2
left_child=1 2 -1 4 5 9 -6 8 10 13 26 18 -8 25 -15 -16 -13 -17 -9 -2 27 -14 -7 29 -10 -3 -5 -19 -26 -18
right_child=19 3 -4 7 6 22 12 11 24 -11 -12 16 21 14 15 17 23 20 -20 -21 -22 -23 -24 -25 28 -27 -28 -29 -30 -31
leaf_value=0.00048907874723598792 -0.0085111885133113095 -3.037820089040759e-05 0.0086719688075258105 -0.0095786534918602239 0.00053072245652732838 -0.00038572629416232772 -0.0026094492048113829 0.00051102373930876177 -0.00041887928488346392 0.0022963902527355661 -9.5745476088874662e-05 -0.0020976434200470346 0.012677277377132135 0.00056835249266136108 4.1206338668678081e-05 0.0018177011163250511 -0.00032973887268279831 0 0.0039174393227107175 -0.0047809164186751341 0.013070527536659445 0.00074020151048898703 -0.0045259626130086219 0.0023850789213294833 -0.0017029534521182639 -0.0019052855828105286 -0.0042077282318506463 0.0072770873937247835 -0.0063312750992067833 0.0015233479087726858
leaf_weight=772 1391 8085 547 447 238 540 41 10640 4388 3772 263 2257 503 18888 862 345 28773 91 642 746 161 54 938 775 933 1633 281 274 248 1140
leaf_count=772 1391 8085 547 447 238 540 41 10640 4388 3772 263 2257 503 18888 862 345 28773 91 642 746 161 54 938 775 933 1633 281 274 248 1140
internal_value=-7.14046e-06 0.000166849 0.00392447 0.000109401 0.000629455 0.000460276 0.00776261 -0.000262607 -0.00163978 0.000613853 -0.00564828 -5.71743e-05 0.0105517 0.000402949 0.000760564 0.00282511 -0.000321296 0.00551971 0.000709627 -0.00723523 0.0078449 0.011613 -0.00304838 -0.000188958 -0.000916608 -0.000350743 -0.00758274 0.00537387 -0.0027217 -0.000257397
internal_weight=90668 88531 1319 87212 36425 35589 836 50787 6560 34111 991 44227 598 30339 20621 1733 32945 871 11282 2137 526 557 1478 30688 5569 9718 728 365 1181 29913
internal_count=90668 88531 1319 87212 36425 35589 836 50787 6560 34111 991 44227 598 30339 20621 1733 32945 871 11282 2137 526 557 1478 30688 5569 9718 728 365 1181 29913
is_linear=0
shrinkage=0.05


Tree=4
num_leaves=31
num_cat=0
split_feature=1 0 53 121 73 38 27 29 11 82 8 80 80 82 25 23 107 2 47 82 53 42 0 102 24 80 80 141 142 81
split_gain=37.0805 7.1869 6.28866 6.20677 4.73661 4.73414 5.26021 11.0618 5.88986 4.46456 7.6679 4.34346 5.08828 3.84195 3.28979 3.05107 2.89923 2.80681 2.54193 2.42543 2.78157 2.42406 2.14264 2.00206 1.84126 1.77406 1.99341 1.75892 1.66144 1.60132
threshold=0.12111108377575876 -0.071069378405809389 1.1601572632789614 0.31790092587471014 0.90000000596046459 0.0046865001786500224 0.14252419769763949 -0.0071699263062328092 0.97269627451896679 0.025000001303851608 -0.80000177025794972 0.37500000000000006 0.12500000372529033 0.15833333879709247 0.088821507990360274 0.035838957875967033 0.42499999701976782 -0.56862863898277272 1.534832298755646 0.058333335444331176 1.110868573188782 0.14866914600133899 -0.018907304853200909 0.55833333730697643 0.11770059168338777 0.37500000000000006 0.27500000596046453 1.115387558937073 0.95675751566886913 0.21666666865348819
decision_type=2 2 2 8 2 10 10 10 2 2 2 2 2 2 10 8 2 2 2 2 2 10 2 2 10 2 2 10 10 2
left_child=1 2 -1 15 22 9 -7 24 28 10 11 12 -5 27 18 17 -16 -3 -11 -20 -21 23 -2 -12 -8 26 -25 -10 -9 -14
right_child=4 3 -4 5 -6 6 7 8 13 14 21 -13 29 -15 16 -17 -18 -19 19 20 -22 -23 -24 25 -26 -27 -28 -29 -30 -31
leaf_value=0.00090949703569996707 -0.00096658443010170624 0.0069796368737528652 0.008229370173977341 -0.0021988267490203107 -0.0019779631403785791 0.00021271009912722391 0.00054196984340975198 0.0053521980348705256 0.012338810719626848 -7.7971795165797715e-06 -0.00020311999897193469 -0.0008102987400790577 -0.0033444495719243033 0.0040481653769108413 -0.0033510167652835501 0.00028452220961519504 -0.00056939603664049696 0.0022038578890431989 0.0080413892553964014 0.00043452763623488063 0.0061054778215879919 0.006283537365191977 -0.0068907663156036461 -0.0023565989456497526 -0.0027060277426448746 0 -0.0084911123434942455 0.0055900833212136711 0.0010965505597490164 -0.01136329910315011
leaf_weight=726 186 358 513 376 844 24494 2813 319 370 36875 3923 479 96 531 1263 2133 3876 2941 149 1474 258 123 2164 523 515 446 197 179 984 433
leaf_count=726 186 358 513 376 844 24494 2813 319 370 36875 3923 479 96 531 1263 2133 3876 2941 149 1474 258 123 2164 523 515 446 197 179 984 433
internal_value=9.73592e-06 0.000203763 0.00398476 0.000148745 -0.00528033 3.7977e-05 0.000533651 0.00190111 0.00450098 -0.000257562 -0.00147075 -0.00478266 -0.00682676 0.00725027 -7.40912e-05 0.00178476 -0.00126328 0.00273922 8.23316e-05 0.00187484 0.00131116 -0.00058096 -0.00644375 -0.000757899 2.36686e-05 -0.00257983 -0.00411387 0.0102435 0.00218007 -0.0100115
internal_weight=90561 87367 1239 86128 3194 80696 30205 5711 2383 50491 6596 1384 905 1080 43895 5432 5139 3299 38756 1881 1732 5212 2350 5089 3328 1166 720 549 1303 529
internal_count=90561 87367 1239 86128 3194 80696 30205 5711 2383 50491 6596 1384 905 1080 43895 5432 5139 3299 38756 1881 1732 5212 2350 5089 3328 1166 720 549 1303 529
is_linear=0
shrinkage=0.05


Tree=5
num_leaves=31
num_cat=0
split_feature=1 32 39 81 81 82 82 9 59 139 71 12 17 38 111 157 141 10 38 82 17 37 39 82 82 38 8 14 115 8
split_gain=35.2297 6.22069 8.90475 6.28115 12.3776 15.7463 5.03581 6.5363 5.73838 4.10129 3.90915 4.28352 3.11737 2.90363 2.80241 2.74366 2.27897 2.11156 1.99944 1.83931 1.75363 1.74098 2.60779 1.92187 2.70336 1.64557 1.64026 1.46812 1.36174 1.34228
threshold=0.12535332143306735 -0.0052938591688871375 -0.004298826213926076 0.21666666865348819 0.25000000745058065 0.025000001303851608 0.058333335444331176 1.0622354149818423 0.99984350800514232 0.84619471430778515 0.6754380762577058 1.0014942288398745 0.78965985774993908 0.0092307585291564482 0.21666666865348819 -0.0066856048069894305 1.0083246231079104 1.0196079611778261 0.0094047561287879961 0.10833333432674409 0.57327190041542064 0.80142885446548473 -0.077683087438344942 0.10833333432674409 0.19166667014360431 -0.02832723222672939 -0.80000177025794972 0.98540019989013683 0.5142333209514619 -0.14285531640052793
decision_type=2 8 10 2 2 2 2 2 2 8 2 2 10 10 2 10 10 2 8 2 8 10 10 2 2 10 2 8 10 2
left_child=1 2 6 10 5 17 8 15 16 29 21 -12 13 20 -13 -8 -1 -5 -4 -11 -6 -3 -23 -24 -25 -16 -7 -14 -9 -2
right_child=9 3 18 4 12 26 7 28 -10 19 11 14 27 -15 25 -17 -18 -19 -20 -21 -22 22 23 24 -26 -27 -28 -29 -30 -31
leaf_value=0.013531115098015929 -0.0011603521595947984 -9.9901657381951993e-05 -0.00063716659867880791 -0.0051534188232060692 -0.0047520254974846594 -0.0047827004392257001 0.0024565867726787168 0.0076530084390663087 0.0023379743974809284 -0.0053062807111005448 0.00055822539165337301 0.0014779695273658966 0.00053623384936123271 0.0004312433280147718 -0.00099964863551711583 -0.00086139370400463856 0.0040725205121215939 -0.011425938155811072 0.0013128505439972231 -0.0010370890996396838 -0.0014486840891623082 -0.0048898334475460936 0.00045515249900904026 0.0055443406049344411 0.00013204098528815111 0.0044675828792804543 -0.00079787772443269645 -0.00014350745653699418 -0.0032590628274798898 -0.0073640415697056099
leaf_weight=286 113 15548 3471 229 463 305 1655 554 386 482 8893 3063 11592 2106 134 970 105 534 2108 606 4252 153 1312 600 406 1629 2074 25079 23 1638
leaf_count=286 113 15548 3471 229 463 305 1655 554 386 482 8893 3063 11592 2106 134 970 105 534 2108 606 4252 153 1312 600 406 1629 2074 25079 23 1638
internal_value=7.08608e-06 0.000184663 0.00138899 3.7133e-05 -0.000331456 -0.00336216 0.00319618 0.002295 0.00683793 -0.00547338 0.000580285 0.00121651 -0.000111286 -0.00109316 0.00241883 0.00121161 0.0111355 -0.00961801 9.07812e-05 -0.00297745 -0.0017846 9.30688e-05 0.00132705 0.00176089 0.00341201 0.00402336 -0.00133156 7.00096e-05 0.00712665 -0.00699312
internal_weight=90769 87930 9558 78372 46634 3142 3979 3202 777 2839 31738 13719 43492 6821 4826 2625 391 763 5579 1088 4715 18019 2471 2318 1006 1763 2379 36671 577 1751
internal_count=90769 87930 9558 78372 46634 3142 3979 3202 777 2839 31738 13719 43492 6821 4826 2625 391 763 5579 1088 4715 18019 2471 2318 1006 1763 2379 36671 577 1751
is_linear=0
shrinkage=0.05


Tree=6
num_leaves=31
num_cat=0
split_feature=11 89 32 39 81 82 59 17 81 18 17 11 92 92 9 119 40 15 41 81 25 25 112 5 5 147 12 81 55 148
split_gain=31.7668 6.76377 5.42474 7.67953 5.17693 4.24064 4.19149 4.06263 3.44067 2.95087 2.84299 2.83557 3.26804 2.75033 2.62499 2.41406 2.39863 2.37654 2.29461 2.14271 2.08226 1.98816 2.08485 1.81426 1.75475 1.75207 1.72444 1.68274 1.3944 1.35619
threshold=0.89296352863311779 0.46914921700954443 -0.0052938591688871375 -0.0040240830276161424 0.21666666865348819 0.058333335444331176 1.0078687071800234 0.78707411885261547 0.18333333730697635 1.1348635554313662 0.74744912981987011 0.99418997764587413 0.43262344598770147 0.23421563208103183 1.0767771601676943 0.42669923603534704 -0.0011223581968806682 0.9562574326992036 -0.061789903789758675 0.58333334326744091 0.11707364022731782 0.091671675443649306 -0.041666667908430093 0.021340372040867809 0.044628545641899116 0.52673578262329113 1.0023646950721743 0.48333333432674414 0.8579729199409486 0.58762624859809887
decision_type=2 8 10 10 2 2 2 8 2 2 8 2 10 10 2 8 10 10 8 2 10 10 2 2 2 10 2 2 2 10
left_child=18 2 3 5 17 6 -2 8 23 15 13 27 19 16 21 25 -6 20 -1 -13 26 22 -7 -3 -20 -9 -4 -10 -15 -22
right_child=1 7 4 -5 10 14 -8 9 11 -11 -12 12 -14 28 -16 -17 -18 -19 24 -21 29 -23 -24 -25 -26 -27 -28 -29 -30 -31
leaf_value=-0.0075115514033543378 0.011831983421211167 0.00032182266603324275 0.001278006206141569 0.00048452370647048064 -0.0072336752564415054 0.0013455421103036548 0.0017923666362486105 0.00079584922401603896 -0.0024137099144134946 0.0055906964133432867 7.2534711276764301e-05 -0.010974763536182763 -0.002054375695888453 0.0081404772018580599 0.0077387077322278583 -0.00040100573680462237 -0.00080791006428840143 0.00036998379023640246 -0.0016176265033113505 0 -0.0035944156227107095 -0.0010522434341250378 0.0057417684678646077 -0.001822176780761101 -0.0062593181500946483 -0.00055468130219905312 0.0028571004053228313 -0.00015764693802427352 -0.00091559164901236403 0.0010040121145874932
leaf_weight=1228 321 3429 4727 3331 369 692 173 9619 2467 229 21302 255 425 42 266 22587 271 6500 445 60 291 335 488 1372 444 3155 2921 1317 1422 330
leaf_count=1228 321 3429 4727 3331 369 692 173 9619 2467 229 21302 255 425 42 266 22587 271 6500 445 60 291 335 488 1372 444 3155 2921 1317 1422 330
internal_value=-9.54021e-06 0.000134415 0.000577043 0.00203122 0.000362139 0.00427269 0.00842782 -0.000295929 -0.00122511 -5.10399e-05 -9.84257e-05 -0.00221599 -0.00507768 -0.00185228 0.00308803 -8.91472e-05 -0.00459627 0.00109539 -0.00606164 -0.0089791 0.00165945 0.00223393 0.0032093 -0.000280716 -0.00399647 0.000458356 0.00188794 -0.00164196 -0.000616277 -0.00107274
internal_weight=90813 88696 43781 5606 38175 2275 494 44915 9325 35590 23406 4524 740 2104 1781 35361 640 14769 2117 315 8269 1515 1180 4801 889 12774 7648 3784 1464 621
internal_count=90813 88696 43781 5606 38175 2275 494 44915 9325 35590 23406 4524 740 2104 1781 35361 640 14769 2117 315 8269 1515 1180 4801 889 12774 7648 3784 1464 621
is_linear=0
shrinkage=0.05


Tree=7
num_leaves=31
num_cat=0
split_feature=1 89 32 48 81 41 58 17 81 81 8 36 142 92 26 114 53 15 1 84 46 5 17 82 0 46 82 8 92 55
split_gain=29.414 5.97456 4.63264 5.09643 4.61792 3.4349 3.58386 3.11714 3.86279 3.10579 4.43018 3.04997 2.48813 2.27725 2.09006 2.0229 2.15683 1.94846 1.99485 1.94753 1.78999 1.8102 1.75308 2.21189 1.69221 1.66078 1.59118 2.19294 1.66158 1.50662
threshold=0.13785236328840259 0.45141318440437322 -0.0054802712984383098 0.92980691790580761 0.18333333730697635 0.08284738659858705 1.0396189093589785 0.78395977616310131 0.18333333730697635 0.31666667759418493 -0.72414091229438771 0.71059495210647594 1.4303398728370669 0.61381354928016674 0.17536830157041552 0.71746617555618297 1.1905371546745303 0.9339101016521455 0.11719667166471483 0.45000000298023229 1.1125057339668276 0.01937241014093161 0.65963563323020946 0.10833333432674409 -0.055651877075433724 1.4213025569915774 0.24166666716337207 -0.38461901247501368 0.27504266798496252 1.2770664095878603
decision_type=2 8 10 2 2 10 2 10 2 2 2 10 10 10 10 8 2 10 2 2 2 2 8 2 2 2 2 2 10 2
left_child=1 2 3 19 17 6 -5 8 20 10 13 25 -2 -10 -8 16 -9 18 26 -1 21 -3 23 -6 -18 -7 27 28 -4 -22
right_child=12 7 4 5 22 11 14 15 9 -11 -12 -13 -14 -15 -16 -17 24 -19 -20 -21 29 -23 -24 -25 -26 -27 -28 -29 -30 -31
leaf_value=-0.00081152097188406957 -0.0065887563626928136 0.0015133163939908079 0.00058512741352304378 0.0016864323860460392 -0.0037550350486945184 0 0.0073688025322892724 -0.00019747145099163903 -0.011331744844058387 -0.0010279147442682126 -0.0023691103877342395 0.0012062053114479769 -0.0018358154980504045 -0.0019540741133958497 -0.0022526427163809008 0.0009991076102056403 0.0070755037153712244 0.00053504236052088594 -0.0029295822769808966 0.0053091119506300582 -0.0012135423380788875 -0.0010791474292877327 6.4194262721703214e-05 0.00070536858506228914 -6.5493900839896932e-05 0.012356191813507379 0.00098537695996606112 0.0018374145653744828 0.0058231224475168257 0.0048610449323851111
leaf_weight=1544 1764 2221 217 2639 681 35 471 30176 248 3460 1542 143 364 107 55 4350 182 6633 208 140 2849 943 23008 441 127 221 2597 2467 756 102
leaf_count=1544 1764 2221 217 2639 681 35 471 30176 248 3460 1542 143 364 107 55 4350 182 6633 208 140 2849 943 23008 441 127 221 2597 2467 756 102
internal_value=6.59586e-06 0.000146757 0.000577012 0.00196939 0.000378164 0.00304138 0.00246497 -0.000244782 -0.000959629 -0.00194024 -0.00357649 0.00747104 -0.00580048 -0.00865911 0.00626552 -7.90977e-06 -0.000153272 0.00114276 0.00178004 -0.000270157 -9.22227e-05 0.000724763 -2.78528e-05 -0.00195829 0.0039885 0.0107577 0.00195105 0.00266504 0.00470807 -0.000985064
internal_weight=90691 88563 42256 5248 37008 3564 3165 46307 11472 5357 1897 399 2128 355 526 34835 30485 12878 6245 1684 6115 3164 24130 1122 309 256 6037 3440 973 2951
internal_count=90691 88563 42256 5248 37008 3564 3165 46307 11472 5357 1897 399 2128 355 526 34835 30485 12878 6245 1684 6115 3164 24130 1122 309 256 6037 3440 973 2951
is_linear=0
shrinkage=0.05


Tree=8
num_leaves=31
num_cat=0
split_feature=1 89 27 29 16 67 25 38 73 126 82 8 57 144 157 0 130 14 53 28 29 2 44 8 65 14 107 81 81 82
split_gain=27.2718 5.58264 5.01125 5.2146 8.77478 5.11509 4.33279 4.14513 3.43334 2.91541 2.77852 4.05163 3.53856 2.78396 2.31883 2.2486 1.94515 1.82818 1.75307 1.66854 1.75133 1.53812 1.49413 1.45446 1.44752 2.12974 1.38975 1.37749 3.27248 4.83322
threshold=0.12535332143306735 0.46493268013000494 0.12017774209380151 -0.0034542887005954977 1.432964622974396 0.050423728302121169 0.094869870692491545 -0.00092089109239168454 0.90000000596046459 0.35915823280811315 0.025000001303851608 -0.67999178171157826 1.175930976867676 0.49746169149875646 0.013692973647266628 -0.058425070717930787 1.5153965950012209 0.95995250344276439 1.1601572632789614 -0.0084847966209053976 -0.014589005149900912 -0.47619079053401941 1.0932256579399111 -0.61904653906822193 0.051315790042281158 1.3096243143081667 0.44166666269302374 0.21666666865348819 0.25000000745058065 0.025000001303851608
decision_type=2 8 10 10 10 2 10 8 2 10 2 2 2 10 10 2 2 8 2 10 10 2 2 2 2 10 2 2 2 2
left_child=1 2 9 5 7 15 -6 -5 -2 27 11 12 13 -3 17 -4 -9 -12 -19 20 -7 -20 -16 -11 25 -24 -18 -1 29 -29
right_child=8 10 3 4 6 19 -8 16 -10 23 14 -13 -14 -15 22 -17 26 18 21 -21 -22 -23 24 -25 -26 -27 -28 28 -30 -31
leaf_value=0.00062451624564280111 -0.0058014604492723177 -0.0067622883105498029 0.005769962439309554 0.00031571234584645987 0.011011902672173578 -0.00086627086353856242 -0.00076712535817347386 0.0024253596868563224 -0.0016360924169817647 0.0055247938081351171 0.0011258767462879236 -0.00051970835245489699 0.0018155330866374349 -0.0011263912141642326 -0.00016052762234906859 0.0016990662910337292 0.0076910281716652514 -3.182564391674056e-05 0.0058894189653341871 -0.0013498979982476873 0.0017668286063931467 -0.001593699204351972 0.00058164393876412336 0.001533997942021145 -0.0014222616058355642 0.01643699285493273 0.0028390171495019777 -0.0086797273404611262 4.3305981286455284e-05 -0.00078813211294946227
leaf_weight=9484 2142 705 460 2110 423 1164 86 1761 692 286 4891 4669 225 352 10562 1554 394 17545 230 2221 1342 84 409 1552 5099 22 306 264 18638 792
leaf_count=9484 2142 705 460 2110 423 1164 86 1761 692 286 4891 4669 225 352 10562 1554 394 17545 230 2221 1342 84 409 1552 5099 22 306 264 18638 792
internal_value=2.29738e-05 0.00017967 0.000588064 0.00146489 0.00267699 0.000543781 0.00892609 0.00196839 -0.00480294 0.000252233 -0.000209778 -0.00121615 -0.00371121 -0.00493553 -5.42773e-05 0.00265608 0.00336435 0.000269191 3.17233e-05 -0.000345987 0.000523991 0.00373013 -0.000514675 0.00218484 -0.00118189 0.00154288 0.00564841 0.000128709 -0.000107537 -0.00281468
internal_weight=90464 87630 42837 11821 5080 6741 509 4571 2834 31016 44793 5951 1282 1057 38842 2014 2461 22750 17859 4727 2506 314 16092 1838 5530 431 700 29178 19694 1056
internal_count=90464 87630 42837 11821 5080 6741 509 4571 2834 31016 44793 5951 1282 1057 38842 2014 2461 22750 17859 4727 2506 314 16092 1838 5530 431 700 29178 19694 1056
is_linear=0
shrinkage=0.05


Tree=9
num_leaves=31
num_cat=0
split_feature=1 89 79 16 25 53 32 5 81 32 53 81 25 130 92 8 36 52 14 34 30 8 79 53 50 119 32 132 81 87
split_gain=24.7196 5.30275 3.96256 10.845 4.2113 3.90238 3.56069 3.12308 3.13478 2.75063 2.98314 2.98309 2.61896 2.60198 2.38213 3.82802 2.23919 1.85207 1.74602 1.74947 2.00036 1.72576 1.67632 1.65387 1.50239 1.78502 1.43015 1.28636 1.20419 1.18884
threshold=0.13043481856584552 0.49460037052631384 0.45000000298023229 1.3521531224250796 0.10375531762838365 1.0751398801803591 -0.0026017716154456134 0.046875042840838439 0.18333333730697635 0.0018517357530072334 1.204750716686249 0.18333333730697635 0.12335856631398202 0.78230211138725292 0.45575453341007238 -0.74024075269699086 0.68075138330459606 0.74406939744949352 1.00004518032074 0.86473336815834057 0.0015612064744345846 0.41666953265666967 0.15000000223517421 1.1398835182189944 0.7130701243877412 0.63114377856254589 0.0023153583751991396 0.95449125766754161 0.31666667759418493 0.87500000000000011
decision_type=2 8 2 10 10 2 10 2 2 8 2 2 10 2 10 2 10 2 8 8 10 2 2 2 2 10 10 2 2 2
left_child=1 2 3 7 16 24 12 8 17 10 18 21 23 26 15 28 -5 22 19 -3 -21 -11 -1 -7 -4 -26 -2 -8 -13 -10
right_child=13 9 5 4 -6 6 27 -9 29 11 -12 14 -14 -15 -16 -17 -18 -19 -20 20 -22 -23 -24 -25 25 -27 -28 -29 -30 -31
leaf_value=0.0014692562476848409 0 0.00026173034775258075 -0.0035610562100140339 0.010934159204941885 -0.00026866042771454872 0.0027004133501027641 -0.00077053952969566709 -0.0037922779248495187 0.00053237827025971708 0.00040293546324630014 0.0061254802372336555 -0.0095281898697242001 0 -0.0064616048361631406 -0.00090397232568971907 -0.0017199816234324699 0.0015962542520593041 0.00085327126242374935 -0.00043989215543260558 0.0063887362990126852 0.00085106895919618382 -0.0010223453022438699 0.0036870726264537144 0.0065938732201255255 0.000392317296481618 -0.00049259272928172131 -0.0040913547006087249 0.0012014002891970214 -0.0038604087179302578 -0.0015620472701987976
leaf_weight=1863 279 12459 315 434 130 682 1280 349 8825 5901 201 238 421 1337 6562 1784 91 3030 11077 253 532 3304 1759 545 10526 12373 865 2238 226 723
leaf_count=1863 279 12459 315 434 130 682 1280 349 8825 5901 201 238 421 1337 6562 1784 91 3030 11077 253 532 3304 1759 545 10526 12373 865 2238 226 723
internal_value=-6.60478e-06 0.000131447 0.0005065 0.00110565 0.00742076 0.000141505 0.00138509 0.000852251 0.000955623 -0.0002693 7.34715e-05 -0.000738633 0.00330739 -0.00492819 -0.00139672 -0.00281179 0.00941676 0.0017908 2.11493e-05 0.000410534 0.00270529 -0.000103272 0.00256085 0.00447446 -0.000133134 -8.36427e-05 -0.00308833 0.0004697 -0.00688936 0.0003684
internal_weight=90602 88121 45584 17204 655 28380 5166 16549 16200 42537 24522 18015 1648 2481 8810 2248 525 6652 24321 13244 785 9205 3622 1227 23214 22899 1144 3518 464 9548
internal_count=90602 88121 45584 17204 655 28380 5166 16549 16200 42537 24522 18015 1648 2481 8810 2248 525 6652 24321 13244 785 9205 3622 1227 23214 22899 1144 3518 464 9548
is_linear=0
shrinkage=0.05


Tree=10
num_leaves=31
num_cat=0
split_feature=1 89 16 84 81 81 82 48 25 36 74 0 25 17 81 8 80 157 81 119 36 143 12 107 53 132 31 124 155 82
split_gain=21.6931 4.89244 4.24449 10.1176 4.46982 4.04054 6.33842 3.76031 3.06923 2.71465 2.49648 2.42049 2.2404 2.23399 2.34449 2.44695 2.16998 2.14639 1.82309 1.63913 1.6206 1.59411 1.68327 1.67821 1.55284 1.46283 1.51957 1.40273 1.36926 1.35847
threshold=0.12111108377575876 0.53139176964759838 1.2992014884948733 1.0000000180025095e-35 0.21666666865348819 0.25000000745058065 0.025000001303851608 0.92980691790580761 0.087051838636398329 0.64196673035621654 0.35000000894069677 -0.071069378405809389 0.10826709121465684 0.78707411885261547 0.18333333730697635 -0.74024075269699086 0.22500000149011615 -0.010010901372879742 0.31666667759418493 0.27018114924430853 0.6960527002811433 0.4685132503509522 1.0023646950721743 0.44166666269302374 1.1601572632789614 0.72142392396926891 -0.0050663410220295182 -0.29036140441894526 0.0058000371791422376 0.99166667461395275
decision_type=2 8 10 2 2 2 2 2 8 10 2 2 10 10 2 2 2 10 2 10 10 8 2 2 2 2 8 10 8 2
left_child=1 2 4 7 10 6 -6 16 -2 12 -1 24 -5 14 -3 18 -4 20 -16 28 -9 22 -12 -24 -7 -10 -27 29 -15 -13
right_child=8 13 3 9 5 11 -8 17 25 -11 21 27 -14 19 15 -17 -18 -19 -20 -21 -22 -23 23 -25 -26 26 -28 -29 -30 -31
leaf_value=0.00017533524848650512 -0.0014718513905454156 -0.0001987129087837645 -0.0049150472699072516 0.010152960143879885 -0.0080646586868541054 0.00034848087263365606 -0.00062588574464946423 0.0061586683296500078 -0.0032859309597776743 0.0019986985859976429 0.0012136678945919755 -0.00067827761577981182 -0.0016028423862833833 0.0028011733559758678 -0.0075636350031845576 -0.0012218437484453741 -1.9206681829476229e-05 0.00020757070441501944 -0.0023487169947552654 -0.00020096726552372874 0.0021154945187869239 0.00069039673268945492 0.0040908937960509525 0.0014874945197841374 0.007054772432881988 -0.0032690884636403551 -0.0071299479407564044 0.00032309284362024373 0.00039159423005005972 0.00095689878914617102
leaf_weight=6502 898 5039 327 494 391 180 1130 387 896 196 3574 8695 36 788 290 3663 798 966 500 26008 878 4491 1439 1228 201 420 1015 14998 2616 1464
leaf_count=6502 898 5039 327 494 391 180 1130 387 896 196 3574 8695 36 788 290 3663 798 966 500 26008 878 4491 1439 1228 201 420 1015 14998 2616 1464
internal_value=-1.31338e-05 0.000135223 0.000471316 0.00201628 0.000327762 -7.13769e-05 -0.00257505 0.000840728 -0.00403746 0.00737298 0.000957316 7.58747e-05 0.00925878 -0.000281406 -0.000948707 -0.00178594 -0.00148977 0.00203844 -0.00433341 -6.43263e-05 0.0033958 0.00142636 0.00194775 0.00291193 0.00402654 -0.00500334 -0.00603782 1.38971e-05 0.000964737 -0.000437642
internal_weight=90508 87279 48375 4082 44293 27059 1521 3356 3229 726 17234 25538 530 38904 9492 4453 1125 2231 790 29412 1265 10732 6241 2667 381 2331 1435 25157 3404 10159
internal_count=90508 87279 48375 4082 44293 27059 1521 3356 3229 726 17234 25538 530 38904 9492 4453 1125 2231 790 29412 1265 10732 6241 2667 381 2331 1435 25157 3404 10159
is_linear=0
shrinkage=0.05


Tree=11
num_leaves=31
num_cat=0
split_feature=1 77 16 45 58 116 147 79 16 28 50 38 11 77 8 32 12 31 86 142 23 51 112 57 25 58 2 24 25 142
split_gain=19.982 4.20933 4.81028 6.41414 4.07427 3.58007 3.00583 3.11534 2.9896 2.76991 2.55587 2.49323 2.78968 2.38449 2.2783 2.1716 3.92984 2.10922 2.06154 1.97694 1.95232 1.92876 1.84439 1.8385 1.79809 1.68597 1.51718 1.48104 1.4632 1.32434
threshold=0.13785236328840259 0.35833333432674414 1.2892321944236758 1.1754056811332705 1.0396189093589785 0.69080266356468212 0.52183523774147045 0.45000000298023229 1.3521531224250796 -0.0068965498358011237 0.63035988807678234 0.0083200247026979941 0.96416935324668895 0.10833333432674409 -0.77777883410453785 0.0055151409469544896 1.0030677914619448 0.0079256938770413416 -0.45000000298023218 1.4115215539932253 0.040368193760514266 0.91178897023201 1.0000000180025095e-35 1.1986238956451418 0.087051838636398329 1.0460372567176821 -0.34700004756450648 0.045022653415799148 0.080713987350463881 1.2640033960342409
decision_type=2 2 10 2 2 8 10 2 10 8 2 8 2 2 2 10 2 10 2 10 8 2 2 2 8 2 2 8 10 10
left_child=1 2 4 13 17 6 7 8 11 -9 -7 12 -3 21 22 -13 -17 -1 25 -2 -19 -4 -11 -6 -10 -5 -12 -20 -8 -30
right_child=19 5 3 18 23 10 28 9 24 14 26 15 -14 -15 -16 16 -18 20 27 -21 -22 -23 -24 -25 -26 -27 -28 -29 29 -31
leaf_value=0.00014801425364646898 -0.0054826778474861733 -0.0024843553828866466 0.010877094136945367 0.001554350165240242 7.0345199487002741e-05 -0.001883293761059451 -0.00066585155570769456 9.8682924868716011e-05 0.0072141375522747136 -0.0007017750646315697 0.0037843189510535363 0.00095200626008195015 0.00027058871005473787 0.0023624053860822388 -0.00066488208085190448 0.0016466831158792274 0.010731279037473992 0.0031505189138685066 0.004380019457447668 -0.0012561108747159661 -0.00044091258822661077 0.0031279969445636708 -0.0042739165745232875 0.0051678639840397481 0 0.0077824821514621391 0.001191375128516184 -0.0026151193941092326 -0.003767088757996492 -0.0012860671179498373
leaf_weight=25999 1768 1002 332 1709 274 558 6386 13875 259 691 729 2549 10891 248 12570 436 173 1144 85 367 531 134 857 629 122 121 3070 468 832 1827
leaf_count=25999 1768 1002 332 1709 274 558 6386 13875 259 691 729 2549 10891 248 12570 436 173 1144 85 367 531 134 857 629 122 121 3070 468 832 1827
internal_value=-1.2316e-06 0.000113551 0.000575736 0.00245003 0.000370783 -0.000143186 -0.000258342 -8.43677e-05 0.000484534 -0.000399784 0.00123187 0.000370044 3.40881e-05 0.00661901 -0.000893185 0.00161901 0.00432269 0.000260927 0.00117768 -0.00478048 0.00198256 0.00876735 -0.00271314 0.00367821 0.00486362 0.00199749 0.00170296 -0.0014437 -0.00108796 -0.0020823
internal_weight=90636 88501 31674 3097 28577 56827 52470 43425 15432 27993 4357 15051 11893 714 14118 3158 609 27674 2383 2135 1675 466 1548 903 381 1830 3799 553 9045 2659
internal_count=90636 88501 31674 3097 28577 56827 52470 43425 15432 27993 4357 15051 11893 714 14118 3158 609 27674 2383 2135 1675 466 1548 903 381 1830 3799 553 9045 2659
is_linear=0
shrinkage=0.05


Tree=12
num_leaves=31
num_cat=0
split_feature=1 89 79 16 81 28 32 82 56 39 11 59 26 38 79 30 29 5 52 77 52 142 47 144 141 6 16 121 87 82
split_gain=18.5219 4.25791 3.78964 7.80123 3.10974 3.0438 3.35474 2.76642 2.73109 2.63296 2.35545 2.24891 2.21415 1.89539 1.98149 2.61115 2.05809 1.80854 2.49942 1.5758 1.4859 1.52836 1.47661 1.47241 1.45942 1.34731 1.27862 1.26838 1.22852 1.21222
threshold=0.12111108377575876 0.49869064986705786 0.45000000298023229 1.3521531224250796 0.15000000596046451 -0.007382866693660616 -0.0038273461395874615 0.4083333313465119 1.3000551462173464 -0.041455898433923714 0.8845697045326234 1.098625719547272 0.17079202085733416 -0.018838334828615185 0.25000000745058065 0.0017699341988191011 0.0054261754266917714 0.037703869864344604 0.73601573705673229 0.95833331346511852 0.66335058212280285 1.0404824614524844 1.4085782766342165 0.44775938987731939 0.77982285618782055 0.60869842767715465 1.2798949480056765 0.30157765746116644 0.69166666269302379 0.025000001303851608
decision_type=2 8 2 10 2 8 10 2 2 10 2 2 10 10 2 8 10 2 2 2 2 10 2 10 8 2 10 10 2 2
left_child=1 2 3 4 17 6 9 13 20 12 -2 24 -4 -3 15 16 -15 18 19 -1 -5 -22 29 -7 -9 -8 27 -17 -6 -16
right_child=10 7 5 8 28 23 25 11 -10 -11 -12 -13 -14 14 22 26 -18 -19 -20 -21 21 -23 -24 -25 -26 -27 -28 -29 -30 -31
leaf_value=0.0036421721199793988 -0.0050630373019546716 -0.0018630183636291842 0.0057097359962935577 -0.0029301782244477762 0.00055504675836055579 -0.0009948532569623793 3.0459586942682565e-05 -0.0020385020088708535 0.00033249248390814336 0.0012742191515193503 -0.002236108816170083 0.0060806668987666004 -0.0039020856679902261 0.00045022577848100688 -0.0018504596923911638 0.001394041209299748 0.0035539046011044632 -0.002269516356114987 0.00082599096387090971 0.0010636927991156996 0.010791978483692932 0.0036893217391700478 0.00060133757097082408 1.7425690890817159e-05 0.00032034157170418554 0.0018678333888996852 0.007612251281282123 -0.00079669072912155108 -0.00086629870070608131 -0.00066538396338202191
leaf_weight=2171 1692 2518 646 21 8467 5952 9515 680 155 2256 1465 165 59 1464 2767 766 883 260 2905 901 336 131 1805 8821 15211 1122 48 4310 1830 11279
leaf_count=2171 1692 2518 646 21 8467 5952 9515 680 155 2256 1465 165 59 1464 2767 766 883 260 2905 901 336 131 1805 8821 15211 1122 48 4310 1830 11279
internal_value=-5.77248e-06 0.000129531 0.000464516 0.00105096 0.000837144 0.000107669 0.000648828 -0.000233463 0.00646163 0.00213909 -0.00376816 0.000279891 0.00483013 -0.000554375 -0.000410867 0.000255478 0.00164022 0.00171982 0.00190207 0.00290278 0.00830148 0.00891856 -0.000728084 -0.000387074 0.000216135 0.000229125 -0.00036923 -0.000456038 0.000297528 -0.000902513
internal_weight=90601 87444 45548 17177 16534 28371 13598 41896 643 2961 3157 16056 705 25840 23322 7471 2347 6237 5977 3072 488 467 15851 14773 15891 10637 5124 5076 10297 14046
internal_count=90601 87444 45548 17177 16534 28371 13598 41896 643 2961 3157 16056 705 25840 23322 7471 2347 6237 5977 3072 488 467 15851 14773 15891 10637 5124 5076 10297 14046
is_linear=0
shrinkage=0.05


Tree=13
num_leaves=31
num_cat=0
split_feature=1 121 77 53 16 44 25 30 79 36 5 80 5 51 28 134 38 32 79 26 5 16 81 17 12 92 47 80 80 16
split_gain=16.1007 3.93253 4.67274 4.34912 3.81705 7.58684 3.01232 2.79431 2.54892 2.48605 2.44002 2.37356 2.27581 2.12011 1.94362 1.68375 1.61031 1.80587 3.95155 1.54739 1.53575 1.52023 1.4988 2.22772 2.14816 2.78875 1.45472 1.36557 1.34617 1.33559
threshold=0.12111108377575876 0.2973166704177857 0.35833333432674414 1.1905371546745303 1.432964622974396 1.1345822811126711 0.087051838636398329 0.012380171567201616 0.25000000745058065 0.67689990997314464 0.022759639658033851 0.12500000372529033 0.037703869864344604 0.72173103690147411 -0.007382866693660616 0.30697089433670049 0.0039361629169434318 0.0052932503167539844 0.15000000223517421 0.17079202085733416 0.03637411072850228 1.3891803026199343 0.15000000596046451 0.80544081330299389 1.0061445832252505 0.43262344598770147 1.425869941711426 0.37500000000000006 0.27500000596046453 1.2892321944236758
decision_type=2 8 2 2 10 2 8 10 2 10 2 2 2 2 8 10 8 10 2 10 2 10 2 8 2 10 2 2 2 10
left_child=1 12 3 4 11 9 -2 8 10 -6 16 13 -1 -3 20 -9 -4 21 -19 -5 26 -18 -16 24 -24 -26 -10 -13 -7 -15
right_child=6 2 7 19 5 28 -8 15 14 -11 -12 27 -14 29 22 -17 17 18 -20 -21 -22 -23 23 -25 25 -27 -28 -29 -30 -31
leaf_value=0.0020334382344903263 -0.00091490097965689029 0.0036690695889250572 0.00023052654506677085 0.0063043492844004727 0.0095744682120163811 -0.0030042059749196899 -0.0044155463721441846 -0.003601726624128037 -0.00032160753892945332 0.0018056607965802501 -0.0014299934790862685 -0.00052866087925425417 -0.0028178361746685702 0.00073761557952686492 -3.4238486757318642e-05 -0.00090950807084896857 0.00078969347857983131 0.00050624697681291822 0.0080786269683420543 -0.0026909853246963947 0.0018015510117669158 0.0067006621624181133 -0.0012324143873084872 -0.00064947792604723843 -0.0071506443775483089 -0.0013436248772303106 0.00095030121685284272 0.0003421721637595804 0.0012783270812886591 0.0068524683308687495
leaf_weight=3591 889 763 7512 425 410 239 2325 863 11523 161 1515 6246 250 5891 6524 2017 3756 430 305 45 1183 114 1787 11450 440 438 2785 15952 757 92
leaf_count=3591 889 763 7512 425 410 239 2325 863 11523 161 1515 6246 250 5891 6524 2017 3756 430 305 45 1183 114 1787 11450 440 438 2785 15952 757 92
internal_value=1.10668e-05 0.000139351 6.6865e-05 0.000554517 0.000479097 0.00288622 -0.0034634 -0.000219185 -0.000130444 0.00747836 0.000450509 0.000346955 0.00170402 0.00116889 -0.00035103 -0.00173456 0.000689854 0.00142807 0.00372317 0.00533305 6.935e-05 0.000978418 -0.000668964 -0.000958771 -0.00226813 -0.00431546 -7.04917e-05 9.48749e-05 0.000198558 0.000841128
internal_weight=90678 87464 83623 30981 30511 1567 3214 52642 49762 571 13632 28944 3841 6746 36130 2880 12117 4605 735 470 15491 3870 20639 14115 2665 878 14308 22198 996 5983
internal_count=90678 87464 83623 30981 30511 1567 3214 52642 49762 571 13632 28944 3841 6746 36130 2880 12117 4605 735 470 15491 3870 20639 14115 2665 878 14308 22198 996 5983
is_linear=0
shrinkage=0.05


end of trees

feature_importances:
feature_IMIN60=26
feature_IMIN30=25
feature_KLEN=15
feature_ROC30=14
feature_QTLU5=14
feature_KSFT2=13
feature_STD20=12
feature_IMIN10=12
feature_IMIN20=12
feature_KLOW=11
feature_RESI5=11
feature_ROC60=10
feature_BETA60=10
feature_KMID=9
feature_VWAP0=8
feature_CORR10=8
feature_CORR60=8
feature_RSQR30=7
feature_LOW0=6
feature_RESI10=6
feature_WVMA60=6
feature_MAX10=5
feature_QTLD10=5
feature_WVMA30=5
feature_VSUMD60=5
feature_KMID2=4
feature_OPEN0=4
feature_ROC10=4
feature_STD30=4
feature_BETA5=4
feature_BETA10=4
feature_BETA20=4
feature_MIN60=4
feature_QTLU60=4
feature_IMAX60=4
feature_CNTD60=4
feature_SUMN30=4
feature_VSUMP60=4
feature_STD5=3
feature_STD10=3
feature_STD60=3
feature_MAX30=3
feature_MAX60=3
feature_MIN5=3
feature_MIN20=3
feature_QTLU20=3
feature_QTLU30=3
feature_QTLD5=3
feature_IMAX5=3
feature_IMXD60=3
feature_CNTP20=3
feature_CNTN60=3
feature_SUMP60=3
feature_SUMN10=3
feature_SUMD30=3
feature_VSUMP10=3
feature_HIGH0=2
feature_ROC20=2
feature_MA5=2
feature_BETA30=2
feature_RSQR60=2
feature_RESI30=2
feature_MIN30=2
feature_RSV30=2
feature_IMXD10=2
feature_IMXD30=2
feature_CNTP60=2
feature_SUMP10=2
feature_SUMD10=2
feature_VMA20=2
feature_VMA60=2
feature_WVMA10=2
feature_KLOW2=1
feature_KSFT=1
feature_RSQR10=1
feature_RESI20=1
feature_RESI60=1
feature_MAX5=1
feature_MAX20=1
feature_RANK20=1
feature_RANK60=1
feature_IMAX10=1
feature_IMXD20=1
feature_CNTN20=1
feature_CNTD30=1
feature_SUMP20=1
feature_SUMP30=1
feature_VSTD10=1
feature_VSUMP5=1
feature_VSUMN5=1
feature_VSUMD20=1

parameters:
[boosting: gbdt]
[objective: regression]
[metric: l2]
[tree_learner: serial]
[device_type: cpu]
[data_sample_strategy: bagging]
[data: ]
[valid: ]
[num_iterations: 400]
[learning_rate: 0.05]
[num_leaves: 31]
[num_threads: 20]
[seed: 42]
[deterministic: 0]
[force_col_wise: 0]
[force_row_wise: 0]
[histogram_pool_size: -1]
[max_depth: -1]
[min_data_in_leaf: 20]
[min_sum_hessian_in_leaf: 0.001]
[bagging_fraction: 0.8]
[pos_bagging_fraction: 1]
[neg_bagging_fraction: 1]
[bagging_freq: 1]
[bagging_seed: 400]
[bagging_by_query: 0]
[feature_fraction: 0.8]
[feature_fraction_bynode: 1]
[feature_fraction_seed: 30056]
[extra_trees: 0]
[extra_seed: 12879]
[early_stopping_round: 0]
[early_stopping_min_delta: 0]
[first_metric_only: 0]
[max_delta_step: 0]
[lambda_l1: 1]
[lambda_l2: 1]
[linear_lambda: 0]
[min_gain_to_split: 0]
[drop_rate: 0.1]
[max_drop: 50]
[skip_drop: 0.5]
[xgboost_dart_mode: 0]
[uniform_drop: 0]
[drop_seed: 17869]
[top_rate: 0.2]
[other_rate: 0.1]
[min_data_per_group: 100]
[max_cat_threshold: 32]
[cat_l2: 10]
[cat_smooth: 10]
[max_cat_to_onehot: 4]
[top_k: 20]
[monotone_constraints: ]
[monotone_constraints_method: basic]
[monotone_penalty: 0]
[feature_contri: ]
[forcedsplits_filename: ]
[refit_decay_rate: 0.9]
[cegb_tradeoff: 1]
[cegb_penalty_split: 0]
[cegb_penalty_feature_lazy: ]
[cegb_penalty_feature_coupled: ]
[path_smooth: 0]
[interaction_constraints: ]
[verbosity: -1]
[saved_feature_importance_type: 0]
[use_quantized_grad: 0]
[num_grad_quant_bins: 4]
[quant_train_renew_leaf: 0]
[stochastic_rounding: 1]
[linear_tree: 0]
[max_bin: 255]
[max_bin_by_feature: ]
[min_data_in_bin: 3]
[bin_construct_sample_cnt: 200000]
[data_random_seed: 175]
[is_enable_sparse: 1]
[enable_bundle: 1]
[use_missing: 1]
[zero_as_missing: 0]
[feature_pre_filter: 1]
[pre_partition: 0]
[two_round: 0]
[header: 0]
[label_column: ]
[weight_column: ]
[group_column: ]
[ignore_column: ]
[categorical_feature: ]
[forcedbins_filename: ]
[precise_float_parser: 0]
[parser_config_file: ]
[objective_seed: 16083]
[num_class: 1]
[is_unbalance: 0]
[scale_pos_weight: 1]
[sigmoid: 1]
[boost_from_average: 1]
[reg_sqrt: 0]
[alpha: 0.9]
[fair_c: 1]
[poisson_max_delta_step: 0.7]
[tweedie_variance_power: 1.5]
[lambdarank_truncation_level: 30]
[lambdarank_norm: 1]
[label_gain: ]
[lambdarank_position_bias_regularization: 0]
[eval_at: ]
[multi_error_top_k: 1]
[auc_mu_weights: ]
[num_machines: 1]
[local_listen_port: 12400]
[time_out: 120]
[machine_list_filename: ]
[machines: ]
[gpu_platform_id: -1]
[gpu_device_id: -1]
[gpu_device_id_list: ]
[gpu_use_dp: 0]
[num_gpu: 1]

end of parameters

pandas_categorical:[]
