tree
version=v4
num_class=1
num_tree_per_iteration=1
label_index=0
max_feature_idx=161
objective=regression
feature_names=feature_KMID feature_KLEN feature_KMID2 feature_KUP feature_KUP2 feature_KLOW feature_KLOW2 feature_KSFT feature_KSFT2 feature_OPEN0 feature_HIGH0 feature_LOW0 feature_VWAP0 feature_ROC5 feature_ROC10 feature_ROC20 feature_ROC30 feature_ROC60 feature_MA5 feature_MA10 feature_MA20 feature_MA30 feature_MA60 feature_STD5 feature_STD10 feature_STD20 feature_STD30 feature_STD60 feature_BETA5 feature_BETA10 feature_BETA20 feature_BETA30 feature_BETA60 feature_RSQR5 feature_RSQR10 feature_RSQR20 feature_RSQR30 feature_RSQR60 feature_RESI5 feature_RESI10 feature_RESI20 feature_RESI30 feature_RESI60 feature_MAX5 feature_MAX10 feature_MAX20 feature_MAX30 feature_MAX60 feature_MIN5 feature_MIN10 feature_MIN20 feature_MIN30 feature_MIN60 feature_QTLU5 feature_QTLU10 feature_QTLU20 feature_QTLU30 feature_QTLU60 feature_QTLD5 feature_QTLD10 feature_QTLD20 feature_QTLD30 feature_QTLD60 feature_RANK5 feature_RANK10 feature_RANK20 feature_RANK30 feature_RANK60 feature_RSV5 feature_RSV10 feature_RSV20 feature_RSV30 feature_RSV60 feature_IMAX5 feature_IMAX10 feature_IMAX20 feature_IMAX30 feature_IMAX60 feature_IMIN5 feature_IMIN10 feature_IMIN20 feature_IMIN30 feature_IMIN60 feature_IMXD5 feature_IMXD10 feature_IMXD20 feature_IMXD30 feature_IMXD60 feature_CORR5 feature_CORR10 feature_CORR20 feature_CORR30 feature_CORR60 feature_CORD5 feature_CORD10 feature_CORD20 feature_CORD30 feature_CORD60 feature_CNTP5 feature_CNTP10 feature_CNTP20 feature_CNTP30 feature_CNTP60 feature_CNTN5 feature_CNTN10 feature_CNTN20 feature_CNTN30 feature_CNTN60 feature_CNTD5 feature_CNTD10 feature_CNTD20 feature_CNTD30 feature_CNTD60 feature_SUMP5 feature_SUMP10 feature_SUMP20 feature_SUMP30 feature_SUMP60 feature_SUMN5 feature_SUMN10 feature_SUMN20 feature_SUMN30 feature_SUMN60 feature_SUMD5 feature_SUMD10 feature_SUMD20 feature_SUMD30 feature_SUMD60 feature_VMA5 feature_VMA10 feature_VMA20 feature_VMA30 feature_VMA60 feature_VSTD5 feature_VSTD10 feature_VSTD20 feature_VSTD30 feature_VSTD60 feature_WVMA5 feature_WVMA10 feature_WVMA20 feature_WVMA30 feature_WVMA60 feature_VSUMP5 feature_VSUMP10 feature_VSUMP20 feature_VSUMP30 feature_VSUMP60 feature_VSUMN5 feature_VSUMN10 feature_VSUMN20 feature_VSUMN30 feature_VSUMN60 feature_VSUMD5 feature_VSUMD10 feature_VSUMD20 feature_VSUMD30 feature_VSUMD60 downside_volatility_60 high_52w_proximity parkinson_vol_20 volatility_60
feature_infos=[-0.18378382921218872:0.23204429447650909] [0:0.2587992250919342] [-1:1] [0:0.17515505850315094] [0:1] [0:0.1814553290605545] [0:1] [-0.21837836503982544:0.2587992250919342] [-1:1] [0.81165915727615356:1.2251656055450439] [1:1.2768211364746094] [0.78991591930389404:1] [0.86167383193969727:1.1553093194961548] [0.50938946008682251:1.8084112405776978] [0.38546353578567505:2.5034608840942383] [0.20094425976276398:3.1202185153961182] [0.18492695689201355:5.7117090225219727] [0.13746649026870728:7.1328182220458984] [0.73912703990936279:1.3500000238418579] [0.58375918865203857:1.6204214096069336] [0.48958152532577515:2.2400727272033691] [0.40701004862785339:2.491147518157959] [0.28582838177680969:3.7705175876617432] [0:0.31421336531639099] [0.00023446726845577359:0.44042909145355225] [0.0005574155948124826:0.84243810176849365] [0.0005574155948124826:1.5140218734741211] [0.0005574155948124826:2.5884873867034912] [-0.18953272700309753:0.11699225753545761] [-0.14318288862705231:0.091486923396587372] [-0.13684648275375366:0.091486923396587372] [-0.153787761926651:0.091486923396587372] [-0.13677342236042023:0.091486923396587372] [0:1] [0:1] [0:1] [2.2261162995574702e-15:1] [8.3690260277435868e-10:1] [-0.11662719398736954:0.098536819219589233] [-0.23734408617019653:0.19709315896034241] [-0.45356476306915283:0.34632593393325806] [-0.59292685985565186:0.92638540267944336] [-1.1882275342941284:1.6086900234222412] [1:1.7841874361038208] [1:2.2531874179840088] [1:3.1650238037109375] [1:5.7535200119018555] [1:9.3708133697509766] [0.50947773456573486:1] [0.34822705388069153:1] [0.19764620065689087:1] [0.18116329610347748:1] [0.079663857817649841:1] [0.86649966239929199:1.6521495580673218] [0.72217452526092529:2.0949892997741699] [0.58081799745559692:3.0763568878173828] [0.47937741875648499:3.5877678394317627] [0.33353924751281738:7.2022075653076172] [0.58712047338485718:1.184606671333313] [0.39663863182067871:1.3228549957275391] [0.22801922261714935:1.6053929328918457] [0.19504037499427795:1.7554135322570801] [0.12582564353942871:2.6131875514984131] [0.20000000298023224:1] [0.10000000149011612:1] [0.05000000074505806:1] [0.033333335071802139:1] [0.01666666753590107:1] [0:1] [0:1] [0:1] [0:1] [0:1] [0.20000000298023224:1] [0.10000000149011612:1] [0.05000000074505806:1] [0.033333335071802139:1] [0.01666666753590107:1] [0.20000000298023224:1] [0.10000000149011612:1] [0.05000000074505806:1] [0.033333335071802139:1] [0.01666666753590107:1] [-0.80000001192092896:0.80000001192092896] [-0.89999997615814209:0.89999997615814209] [-0.94999998807907104:0.94999998807907104] [-0.96666663885116577:0.96666663885116577] [-0.98333334922790527:0.98333334922790527] [-1:1] [-1:1] [-1:1] [-1:1] [-1:1] [-1:1] [-1:1] [-1:1] [-1:1] [-1:1] [0:1] [0:1] [0:0.94999998807907104] [0:0.86666667461395264] [0:0.76666665077209473] [0:1] [0:1] [0:0.94999998807907104] [0:0.86666667461395264] [0:0.83333331346511841] [-1:1] [-1:1] [-0.94999998807907104:0.89999997615814209] [-0.76666665077209473:0.76666665077209473] [-0.75:0.55000001192092896] [0:1] [0:1] [0:1] [0:1] [0:1] [0:1] [0:1] [0:1] [0:1] [0:1] [-1:1] [-1:1] [-1:1] [-1:1] [-1:1] [0.20471267402172089:235.782958984375] [0.10461504012346268:383.34182739257812] [0.075067855417728424:425.7928466796875] [0.056173093616962433:430.86871337890625] [0.033522188663482666:438.94296264648438] [0.00029457567143253982:408.0859375] [0.0027553131803870201:414.00186157226562] [0.0027553131803870201:307.87985229492188] [0.0027553131803870201:262.36935424804688] [0.0027553131803870201:275.11691284179688] [0:2.2360680103302002] [0.018472533673048019:3.0074613094329834] [0.068585917353630066:3.8974208831787109] [0.068585917353630066:4.5948772430419922] [0.068585917353630066:5.3810009956359863] [0:1] [0:1] [0:1] [0:1] [0:1] [0:1] [0:1] [0:1] [0:1] [0:1] [-1:1] [-1:1] [-1:1] [-1:1] [-1:1] [0.20695725062866724:1] [0.00022878059940517045:1] [0.00021436227224008573:1] [0.00022634676324128565:1]
tree_sizes=3012 3068 3076 3073 3049 3071 3039 3061 3026 3062 3048 3050 3050 3051 3078 3039 3045 3061 3062

Tree=0
num_leaves=31
num_cat=0
split_feature=1 57 48 100 82 126 0 82 11 17 139 44 5 152 71 82 92 17 80 86 159 158 37 160 25 53 5 159 80 92
split_gain=56.8039 9.64465 15.5173 9.06676 7.31878 7.23523 7.00748 6.51028 9.93166 5.74619 5.47528 4.19311 4.10074 3.935 3.87884 3.86384 3.80456 3.77428 3.22329 3.06662 3.04655 3.06138 2.8925 2.75751 2.65628 2.44313 2.23323 2.18796 3.39388 2.59776
threshold=0.12535332143306735 1.2957590222358706 0.94281196594238292 0.47499999403953558 0.058333335444331176 0.39946122467517858 -0.062028249725699418 0.025000001303851608 0.99506512284278881 0.84444344043731701 0.84619471430778515 1.0983616113662722 0.02960904780775309 0.47334541380405432 0.6754380762577058 0.075000002980232253 0.37424072623252874 0.74410033226013195 0.32500000298023229 -1.0000000180025095e-35 0.95789925845541701 0.56722548197820621 0.81603989005088817 0.61921723325920641 0.11504753679037096 1.1525650620460512 0.042628265917301185 0.77392521862476904 0.37500000000000006 0.26358947157859808
decision_type=2 2 2 2 2 10 2 2 2 8 8 2 2 10 2 2 10 8 2 2 2 2 10 2 10 2 2 2 2 10
left_child=1 5 11 6 24 7 -4 8 17 16 -2 15 20 -9 22 -3 -10 27 -13 -8 21 -7 -15 -23 -5 -6 -12 28 29 -1
right_child=10 2 3 4 25 12 19 13 9 -11 26 18 -14 14 -16 -17 -18 -19 -20 -21 -22 23 -24 -25 -26 -27 -28 -29 -30 -31
leaf_value=-0.0093146465312386219 -0.0069817027823449217 0.012605714846088589 0.010029500197276775 0.015902514695460491 0.0051662676445322579 0.0019773083960463764 0.0038490236611604892 0.00078401420916075575 -0.0083943273586154984 -0.00013121722782115266 -0.00010371768024360095 -0.002621787686148523 -0.0003480945045172463 0.001703211648607824 0.0027786009562245388 0.0025940479724657025 -0.0016050647991685536 0.001977192035012322 0.0011916475119987035 1.5783480252800535e-05 0.0022873678109430078 0.0088932655614751346 0.0033674105608505981 0.0048505619417979241 0.001800684711733498 0.010732061750008473 -0.0047234368107659146 0.0010998710070404792 0.001289487260349794 -0.0020209461393433503
leaf_weight=201 1717 122 418 341 941 526 2832 7044 522 1123 584 775 493 41273 13449 512 389 5946 2086 625 1151 717 2786 1212 31 274 543 1199 458 403
leaf_count=201 1717 122 418 341 941 526 2832 7044 522 1123 584 775 493 41273 13449 512 389 5946 2086 625 1151 717 2786 1212 31 274 543 1199 458 403
internal_value=0.00177695 0.00200158 0.00355638 0.00522269 0.00841968 0.0018244 0.0038991 0.00171294 0.000541472 -0.00258835 -0.00517694 0.000966335 0.00387001 0.00189803 0.00203537 0.00461331 -0.00555703 0.00132369 0.000139993 0.00314123 0.00446099 0.00545909 0.00180734 0.00638202 0.0146276 0.00646887 -0.00237768 -0.000416314 -0.00207878 -0.00454516
internal_weight=90693 87849 8957 5462 1587 78892 3875 74793 10241 2034 2844 3495 4099 64552 57508 634 911 8207 2861 3457 3606 2455 44059 1929 372 1215 1127 2261 1062 604
internal_count=90693 87849 8957 5462 1587 78892 3875 74793 10241 2034 2844 3495 4099 64552 57508 634 911 8207 2861 3457 3606 2455 44059 1929 372 1215 1127 2261 1062 604
is_linear=0
shrinkage=1


Tree=1
num_leaves=31
num_cat=0
split_feature=12 32 58 81 81 82 82 82 89 84 52 119 141 27 46 10 25 15 12 159 28 28 46 86 86 159 126 12 119 24
split_gain=41.8314 9.12387 12.1854 7.64878 14.0833 19.7723 6.76716 11.9735 5.26873 5.05211 4.8309 4.5897 4.08671 3.3844 3.35539 3.2933 2.99402 3.72814 3.2016 2.975 2.97277 2.8623 2.61562 2.25655 2.0839 2.24389 1.99567 1.87781 1.8594 1.79855
threshold=0.95583620667457592 -0.0035336153814569111 1.0460372567176821 0.21666666865348819 0.25000000745058065 0.025000001303851608 0.058333335444331176 0.025000001303851608 0.4865062683820725 1.0000000180025095e-35 0.66627320647239696 0.52177721261978161 0.97790753841400158 0.27216179668903356 1.8869930505752566 1.0187500119209292 0.14468673616647723 0.93539807200431835 1.0023646950721743 0.76704545691161197 -0.040450284257531159 -0.012531192973256109 1.0806029438972475 -0.516666680574417 0.35000000894069677 0.92538717629049416 0.39028662443161016 0.99264323711395275 0.48996442556381231 0.058020051568746574
decision_type=2 8 2 2 2 2 2 2 8 2 2 10 10 10 2 2 10 10 2 2 10 10 2 2 2 2 10 2 10 10
left_child=11 2 6 8 5 15 7 9 16 -2 24 -1 -11 21 20 -5 17 18 -3 26 -4 -8 -10 -15 -6 -26 -20 -24 -12 -23
right_child=1 3 14 4 10 -7 13 -9 22 12 28 -13 -14 23 -16 -17 -18 -19 19 -21 -22 29 27 -25 25 -27 -28 -29 -30 -31
leaf_value=-0.0032392215626610094 -0.000103647877239456 0.0012775898471494834 0.0099373515922547596 -0.0048146463472326963 -0.00079616673431096669 -0.001398119456444387 0.0022896537031520613 0.011291126468887681 0.00062106339199609123 0.01154051835159536 0.00035374954802590882 -0.0091155020770876099 0.0015131485329472809 0.00092457271778849034 -0.0041117946517520718 -0.012679155749667968 -0.0035805018240168303 0.00052447428991295761 0.0039598262195303475 0.0016426393136977871 0.0025324496646859295 0.00065219198012041581 -0.0019306256380728513 -0.0027218376394445402 -0.0045018115593715817 -0.00063194734294168731 0.0085970824599875314 -0.00024939790429959468 -0.00037823136173140268 -0.0015858678086629529
leaf_weight=487 1131 4280 569 206 1866 2250 2543 407 7135 197 14298 1312 237 619 55 573 314 7484 1108 1228 205 6475 2196 1238 1182 596 333 7208 21954 1032
leaf_count=487 1131 4280 569 206 1866 2250 2543 407 7135 197 14298 1312 237 619 55 573 314 7484 1108 1228 205 6475 2196 1238 1182 596 333 7208 21954 1032
internal_value=-8.41543e-06 0.000143792 0.00128163 -8.10585e-05 -0.000514998 -0.00380252 0.000925487 0.00364146 0.000512714 0.00161419 -0.000264059 -0.00755522 0.00619575 0.000471209 0.00717556 -0.0106724 0.00120009 0.0013078 0.00214403 0.00351374 0.00804642 0.00083676 -9.71938e-05 -0.00147961 -0.00199982 -0.00323379 0.00507134 -0.000647474 -8.81528e-05 0.000337692
internal_weight=90718 88919 14708 74211 42925 3029 13879 1972 31286 1565 39896 1799 434 11907 829 779 14747 14433 6949 2669 774 10050 16539 1857 3644 1778 1441 9404 36252 7507
internal_count=90718 88919 14708 74211 42925 3029 13879 1972 31286 1565 39896 1799 434 11907 829 779 14747 14433 6949 2669 774 10050 16539 1857 3644 1778 1441 9404 36252 7507
is_linear=0
shrinkage=0.05


Tree=2
num_leaves=31
num_cat=0
split_feature=1 0 53 79 47 76 142 5 87 11 121 25 8 17 18 27 159 117 142 32 141 41 159 117 44 158 160 126 39 159
split_gain=48.237 7.82219 8.09674 7.70205 9.91462 8.05835 7.04175 6.27691 5.38454 4.90837 4.15791 3.74443 3.29609 5.12614 2.77612 2.73128 4.82563 3.28199 2.58514 2.53316 2.48769 2.43359 2.41268 2.24595 2.2384 2.17119 2.74259 2.07959 2.0357 2.04048
threshold=0.12111108377575876 -0.071069378405809389 1.1601572632789614 0.45000000298023229 1.5154905915260317 0.050000002607703216 1.0673258304595949 0.032942539080977447 -0.40833333134651179 0.8845697045326234 0.31790092587471014 0.11504753679037096 -0.80000177025794972 0.80296927690505993 1.0550398826599123 0.12363375350832941 0.59911556947831168 0.62634092569351207 1.0212284326553347 0.0029127235757187013 0.82973870635032665 -0.055791268125176423 0.95789925845541701 0.5332573950290681 1.1220558881759646 0.56722548197820621 0.71727311033143992 0.38213986158370977 -0.010655126068741081 0.69385790741960818
decision_type=2 2 2 2 2 2 10 2 2 2 8 8 2 8 2 10 2 10 10 8 10 10 2 8 2 2 2 10 10 2
left_child=1 2 -1 4 7 6 11 10 14 -2 22 -6 13 21 -5 24 17 18 -17 -11 -14 -10 25 -9 -12 -3 -27 28 -22 -30
right_child=9 3 -4 8 5 -7 -8 23 12 19 15 -13 20 -15 -16 16 -18 -19 -20 -21 27 -23 -24 -25 -26 26 -28 -29 29 -31
leaf_value=0.00073548623844053027 -0.007767769409696707 0.00032412863324063969 0.0090244553777131149 0.0004910325551231861 0.013386801308532637 0.0013230074092629839 0.0024887859320422154 0.0015268822841927145 -0.0023166856173022915 -0.00075702658138470736 0.00042052463775282199 -0.00035756139407808684 -0.0019750478380936641 -0.00094025995041628586 0.0034618326542714046 0.0056504687068867502 -0.00015679048311857072 0.0088501588923735851 0.0012617930079840854 -0.0052326079070389789 0.00041624837961932938 -0.0077684979726406964 0.00033569419121361833 -0.0031689872446504959 -0.0012340872948818579 0.0058051016356376181 0.0020931762683318749 0.0022201581736110486 -0.00089461046448711479 4.2680991008451751e-05
leaf_weight=739 1771 619 506 10306 429 1110 368 291 430 499 22438 48 2215 3643 860 499 1712 253 1159 1021 7410 461 1268 1486 2236 952 1173 832 14778 9402
leaf_count=739 1771 619 506 10306 429 1110 368 291 430 499 22438 48 2215 3643 860 499 1712 253 1159 1021 7410 461 1268 1486 2236 952 1173 832 14778 9402
internal_value=-8.63275e-06 0.00021405 0.004149 0.000156707 0.000715026 0.00418048 0.00786899 0.000514681 -0.000242059 -0.00595101 0.000675035 0.0119013 -0.000518903 -0.00178916 0.000724609 0.000459176 0.00174345 0.00347116 0.00261538 -0.00379766 -0.000351135 -0.00519903 0.00218455 -0.00237145 0.000268511 0.00302026 0.00378159 -0.000238593 -0.000305001 -0.000528105
internal_weight=90914 87623 1245 86378 36041 1955 845 34086 50337 3291 32309 477 39171 4534 11166 28297 3623 1911 1658 1520 34637 891 4012 1777 24674 2744 2125 32422 31590 24180
internal_count=90914 87623 1245 86378 36041 1955 845 34086 50337 3291 32309 477 39171 4534 11166 28297 3623 1911 1658 1520 34637 891 4012 1777 24674 2744 2125 32422 31590 24180
is_linear=0
shrinkage=0.05


Tree=3
num_leaves=31
num_cat=0
split_feature=1 0 53 79 16 25 5 81 87 81 81 92 89 7 81 50 160 87 28 159 52 142 52 30 159 11 158 10 141 136
split_gain=46.8344 7.57545 8.46778 6.88993 18.3663 8.99711 7.60018 5.84936 5.41149 4.237 8.57992 5.37989 4.15823 4.00389 3.83094 3.45256 2.99734 2.98983 2.82775 2.78426 4.16973 2.67325 2.34382 2.21409 2.10843 2.05483 1.89804 1.83436 1.8308 1.75799
threshold=0.13785236328840259 -0.071069378405809389 1.1601572632789614 0.45000000298023229 1.3891803026199343 0.090640846639871611 0.03923341631889344 0.21666666865348819 -0.30833333730697626 0.21666666865348819 0.25000000745058065 0.44047653675079351 0.60617190599441539 -0.013772580772638319 0.25000000745058065 0.92100217938423168 0.71727311033143992 0.84166666865348827 -0.025126969441771504 0.78445005617808339 0.75566801428794872 1.4584803581237795 0.63927954435348522 0.009801395237445833 0.89710536018530662 0.98259708285331737 0.57024308466051987 1.0497317910194399 0.83673119544982921 0.61487412452697765
decision_type=2 2 2 2 10 8 2 2 2 2 2 10 8 2 2 2 2 2 10 2 2 10 2 8 2 2 2 2 10 10
left_child=1 2 -1 4 6 15 7 12 18 29 11 13 19 -11 17 -6 26 -9 27 20 25 -2 -12 -8 -19 -3 -14 -5 -24 -10
right_child=21 3 -4 8 5 -7 23 14 9 10 22 -13 16 -15 -16 -17 -18 24 -20 -21 -22 -23 28 -25 -26 -27 -28 -29 -30 -31
leaf_value=0.00048583344830242098 -0.0080871631694579612 0.0027441207379360634 0.0086884633304863956 0.0015273140394659512 0.013145752273384038 -0.00032320123939969469 -0.00038614298081216566 -0.0013089815917657474 0.00060620938339616542 -0.011705224055905033 -0.003124145593617796 -0.0016463670528425014 -0.00027704825733626819 -0.0040019812606020555 0.00023911261057949141 0.0034102603706489213 -0.00086309834282820514 -0.010630102204104756 0.00030306485233736103 0.0010971775844228434 0.0013658023958211941 -0.0028952070956890234 -0.0022057435423320378 -0.0045133045942020739 -0.00054860426295947815 0.005833350572625449 0.0023287653270206124 0.0054914930289814952 -0.00047320839045955279 -0.00044693694255276575
leaf_weight=772 1811 1114 547 1335 477 227 540 1087 7297 352 1009 743 1034 378 18102 132 2763 171 12046 4215 2334 326 1701 938 90 1235 1966 399 16872 8655
leaf_count=772 1811 1114 547 1335 477 227 540 1087 7297 352 1009 743 1034 378 18102 132 2763 171 12046 4215 2334 326 1701 938 90 1235 1966 399 16872 8655
internal_value=-7.19292e-06 0.000168849 0.00392941 0.000111356 0.000636516 0.00796122 0.000462832 0.000616178 -0.000264316 -0.000579933 -0.00104567 -0.00473107 0.00137041 -0.00779575 4.50457e-05 0.0111266 0.000313729 -0.00252222 0.000579647 0.00204906 0.00289472 -0.00732024 -0.000765664 -0.0030405 -0.00735993 0.00439137 0.00141417 0.00247094 -0.000634684 3.16824e-05
internal_weight=90668 88531 1319 87212 36425 836 35589 34111 50787 37007 21055 1473 14661 730 19450 609 5763 1348 13780 8898 4683 2137 19582 1478 261 2349 3000 1734 18573 15952
internal_count=90668 88531 1319 87212 36425 836 35589 34111 50787 37007 21055 1473 14661 730 19450 609 5763 1348 13780 8898 4683 2137 19582 1478 261 2349 3000 1734 18573 15952
is_linear=0
shrinkage=0.05


Tree=4
num_leaves=31
num_cat=0
split_feature=1 0 53 89 119 46 25 160 82 8 28 44 36 57 92 25 76 46 157 32 27 82 87 159 120 102 26 159 30 159
split_gain=37.9466 7.20441 6.32003 6.29444 5.51971 6.99124 9.47428 5.21525 4.72363 6.9613 3.54743 2.93014 2.76028 2.63164 3.08219 2.60942 2.36292 2.25425 2.50601 2.24153 2.12902 2.23266 3.55126 2.10776 2.05397 1.83303 1.66755 1.39863 1.96229 1.38929
threshold=0.12111108377575876 -0.071069378405809389 1.1601572632789614 0.45607632398605352 0.55295646190643322 1.4708258509635928 0.086211711168289198 0.82383565383565394 0.025000001303851608 -0.78571581840515126 -0.0089903068728744966 1.1684859991073611 0.82076174020767223 1.175930976867676 0.51888415217399608 0.1115483269095421 0.11666667088866235 1.0670156478881838 0.02245530299842358 -0.0029109631432220335 0.1227778270840645 0.19166667014360431 0.82499998807907116 0.33193845078474232 0.47134661674499517 0.55833333730697643 0.075007315725088133 0.70882705181240857 0.0012566658551804724 0.77749528017115577
decision_type=2 2 2 8 10 2 10 2 2 2 8 2 10 2 10 10 2 2 10 10 10 2 2 2 10 2 8 2 10 2
left_child=1 2 -1 4 5 11 16 26 9 13 19 12 20 14 -5 -9 -7 -10 -19 -6 -3 22 23 -22 -21 -11 -2 28 -27 -14
right_child=7 3 -4 8 10 6 -8 15 17 25 -12 -13 29 -15 -16 -17 -18 18 -20 24 21 -23 -24 -25 -26 27 -28 -29 -30 -31
leaf_value=0.00090851002716904313 -0.0031367870590523978 0.00057677504095007251 0.0082463064876472005 -0.0093238324499593708 0.0019611966276434859 0.012149720994432421 -0.00053605945541826308 -0.00083698681240231454 0.00052002273000046435 -0.00025028154048803322 -0.00055584330231565188 -0.0023534212907940495 0.0037392478785161411 0.00048843823936404595 -0.002805780108846839 -0.0052727438194892264 0 -1.3779117222174079e-05 -0.0010970401464009403 0.0021493390584122079 0.010330877323810451 0.00069720567497781182 -0.00018530232681309485 0.0040466300455676806 -5.1632372837190669e-05 -0.00088046944628199491 -0.0077923964283676556 -0.00080526332147417667 -0.0069966859034898262 0.0015185861423004262
leaf_weight=726 266 12298 513 463 2694 379 308 732 11723 3740 11411 611 1351 140 344 658 50 19803 7358 1247 192 1287 371 638 6783 261 1538 646 314 1716
leaf_count=726 266 12298 513 463 2694 379 308 732 11723 3740 11411 611 1351 140 344 658 50 19803 7358 1247 192 1287 371 638 6783 261 1538 646 314 1716
internal_value=9.31245e-06 0.000205586 0.0039912 0.000150501 0.000595813 0.00121627 0.00600246 -0.00534218 -0.000259339 -0.0015768 5.53055e-05 0.00102221 0.00114066 -0.00551201 -0.00661417 -0.00297502 0.0108034 -5.78437e-05 -0.000309108 0.000710259 0.000852268 0.00219314 0.00375268 0.00557119 0.000284162 -0.00081458 -0.00713575 -0.00250053 -0.00431361 0.00251398
internal_weight=90561 87367 1239 86128 41336 19201 737 3194 44792 5908 22135 18464 17853 947 807 1390 429 38884 27161 10724 14786 2488 1201 830 8030 4961 1804 1221 575 3067
internal_count=90561 87367 1239 86128 41336 19201 737 3194 44792 5908 22135 18464 17853 947 807 1390 429 38884 27161 10724 14786 2488 1201 830 8030 4961 1804 1221 575 3067
is_linear=0
shrinkage=0.05


Tree=5
num_leaves=31
num_cat=0
split_feature=1 89 79 16 39 32 25 81 73 82 8 102 26 5 158 142 157 39 119 0 53 26 8 80 102 37 52 39 87 159
split_gain=36.1541 6.83966 5.30009 12.3444 4.4596 5.98097 4.34108 4.19768 4.11803 3.89296 5.78312 3.53896 2.83828 2.4736 2.68316 2.30921 2.16103 2.09575 2.06855 2.14857 2.03581 2.25393 2.01037 1.93938 1.79733 1.77765 1.81276 1.76606 1.72237 1.70592
threshold=0.12535332143306735 0.45141318440437322 0.45000000298023229 1.3521531224250796 -0.030521774664521214 -0.0060485028661787501 0.10826709121465684 0.15000000596046451 0.90000000596046459 0.025000001303851608 -0.72414091229438771 0.52500000596046459 0.17536830157041552 0.037703869864344604 0.57024308466051987 1.0404824614524844 0.013692973647266628 -0.050304425880312913 0.42442812025547033 -0.066059924662113176 1.0992106199264529 0.066275700926780715 -0.14285531640052793 0.37500000000000006 0.55833333730697643 0.70737901329994213 0.75941592454910289 -0.057863226160407059 0.85833334922790538 0.63935854626942257
decision_type=2 8 2 10 10 10 10 2 2 2 2 2 10 2 2 10 10 8 10 2 2 10 2 2 2 10 2 10 2 2
left_child=1 2 3 7 5 12 15 13 22 10 11 17 -4 14 -1 -5 18 -3 -11 27 21 -16 -2 -13 -12 26 -6 -20 -9 -23
right_child=8 9 4 6 25 -7 -8 28 -10 16 24 23 -14 -15 20 -17 -18 -19 19 -21 -22 29 -24 -25 -26 -27 -28 -29 -30 -31
leaf_value=8.027740881205152e-06 -0.00055816800952314925 0.0044564580035797675 0.0073888444347219879 0.012626202327244646 -0.0016800062190542543 0.00085644652664266553 -0.00047917147073675093 0.00065586326814238234 -0.0020705018688402009 0.0010284905478128209 -8.3542753274028691e-05 -0.0091395910937473752 -0.0020335155205213509 -0.0024813581639812946 0.0017407765646012701 0.0047320432060295407 -0.00049337125503055217 -0.0032113365940305036 0.0072079428375455669 -0.00010367662348040239 -0.002634240389147786 0.0055997102572559361 -0.0070478928952425876 -0.0013710328144952656 -0.0023186539681144969 0.00080816583253589039 -9.4949235393773838e-05 -0.00080324052018732658 -0.0015997947634417459 0.0028431777358941786
leaf_weight=1016 145 101 581 348 2049 2971 105 8458 689 6308 3716 426 83 264 1863 161 16421 541 183 16770 150 1120 2005 119 1208 4748 15825 93 929 1373
leaf_count=1016 145 101 581 348 2049 2971 105 8458 689 6308 3716 426 83 264 1863 161 16421 541 183 16770 150 1120 2005 119 1208 4748 15825 93 929 1373
internal_value=6.75959e-06 0.000186644 0.000647641 0.00137218 0.000210075 0.00183577 0.00832901 0.00108683 -0.00554515 -0.00023467 -0.00140983 -0.00454808 0.00613457 0.00214817 0.00237896 0.0102414 -5.28308e-05 -0.00192222 0.000254795 -2.8627e-05 0.00290234 0.00310503 -0.00663392 -0.00754053 -0.000642392 -4.90076e-05 -0.000279535 0.00433486 0.000427156 0.00410337
internal_weight=90769 87930 42044 15787 26257 3635 614 15173 2839 45886 6111 1187 664 5786 5522 509 39775 642 23354 17046 4506 4356 2150 545 4924 22622 17874 276 9387 2493
internal_count=90769 87930 42044 15787 26257 3635 614 15173 2839 45886 6111 1187 664 5786 5522 509 39775 642 23354 17046 4506 4356 2150 545 4924 22622 17874 276 9387 2493
is_linear=0
shrinkage=0.05


Tree=6
num_leaves=31
num_cat=0
split_feature=1 57 48 82 55 0 81 81 82 89 17 44 10 147 53 73 110 153 51 160 114 80 44 7 82 10 11 1 160 81
split_gain=34.5887 6.54488 9.40974 6.49228 9.79098 6.48829 6.12498 11.3485 16.1721 4.00966 3.897 2.75992 2.7202 2.71568 2.58122 2.47814 2.37421 2.35314 2.15751 2.14261 2.27525 2.12253 2.11059 2.09952 1.87871 1.82896 1.82512 1.77353 1.71893 1.75629
threshold=0.13785236328840259 1.2464840412139895 0.92838227748870861 0.058333335444331176 1.0981846451759341 -0.053285911679267876 0.21666666865348819 0.25000000745058065 0.025000001303851608 0.50684100389480602 0.78965985774993908 1.0845921039581301 1.0177129507064822 0.49425926804542547 1.1525650620460512 0.90000000596046459 1.0000000180025095e-35 -0.1105092130601406 0.93881192803382885 0.53610643262588942 0.5191715955734254 0.22500000149011615 1.0430206060409548 -0.014068595133721827 0.075000002980232253 1.011326849460602 0.99691566824913036 0.098944056779146208 0.65231843322351057 0.58333334326744091
decision_type=2 2 2 2 2 2 2 2 2 8 10 2 2 10 2 2 2 8 2 2 10 2 2 2 2 2 2 2 2 2
left_child=1 6 11 4 18 14 9 8 12 16 22 24 -8 -7 -5 -2 -1 25 -4 20 -11 -13 -9 -22 -3 -18 -10 -27 29 -24
right_child=15 2 3 5 -6 13 7 10 26 19 -12 21 -14 -15 -16 -17 17 -19 -20 -21 23 -23 28 -25 -26 27 -28 -29 -30 -31
leaf_value=0.00030070365720448369 -0.0071280137244749287 0.0083751286153225628 0.012365099828415684 0.0017177581974230937 0.0020267290715787851 0.0017464179005688555 -0.0039520118342123807 7.93129793266935e-05 -0.00067600233597527319 -0.00048452503993404237 3.1997091450118181e-05 -0.0042761383606539976 -0.011301945653593458 -0.00037150604906665001 0.0075391006001410193 -0.0027737693508322388 0.0009259979366871145 0.00073613840044348686 0.0026087725917943363 -0.00043553064080949309 0.0045160924079262537 -0.00092589064853469964 -0.0048187214726752156 0.0010295520842082929 0.00058545934024407248 0.0033150855298621907 -0.0048118475496783733 -0.0011853585854947747 -0.0012467350839970104 -0.00083059800619297505
leaf_weight=6428 1718 95 417 325 888 3821 192 1964 2104 2012 34440 663 585 2450 569 457 1681 4735 82 11345 541 1858 827 2506 500 3087 314 218 3526 465
leaf_count=6428 1718 95 417 325 888 3821 192 1964 2104 2012 34440 663 585 2450 569 457 1681 4735 82 11345 541 1858 827 2506 500 3087 314 218 3526 465
internal_value=-9.38819e-06 0.000142949 0.00124648 0.00210551 0.00524993 0.00148919 -2.37012e-05 -0.000406158 -0.00327735 0.000496603 -0.000182333 -0.00109505 -0.00955743 0.000911073 0.00548299 -0.0062378 0.00105601 0.00155022 0.0108703 -5.10863e-05 0.000801079 -0.00182815 -0.00127795 0.00166628 0.00192505 0.002313 -0.00123552 0.00300284 -0.0018415 -0.00342379
internal_weight=90813 88638 11668 8552 1387 7165 76970 44417 3195 32553 41222 3116 777 6271 894 2175 16149 9721 499 16404 5059 2521 6782 3047 595 4986 2418 3305 4818 1292
internal_count=90813 88638 11668 8552 1387 7165 76970 44417 3195 32553 41222 3116 777 6271 894 2175 16149 9721 499 16404 5059 2521 6782 3047 595 4986 2418 3305 4818 1292
is_linear=0
shrinkage=0.05


Tree=7
num_leaves=31
num_cat=0
split_feature=1 89 32 39 126 73 82 8 57 144 82 59 5 53 80 152 109 92 87 5 37 159 37 158 160 1 17 18 48 29
split_gain=30.0449 5.45734 4.7736 7.55011 3.75654 3.46393 2.99317 4.94802 3.60329 3.32191 2.93422 4.51994 2.45635 2.4034 2.3127 2.1102 2.1471 1.88107 1.78854 1.78516 1.83319 1.72723 1.69391 1.67851 1.60226 1.4783 1.4129 1.35836 1.34841 1.3341
threshold=0.12535332143306735 0.45141318440437322 -0.0054802712984383098 -0.004298826213926076 0.29852725565433508 0.90000000596046459 0.025000001303851608 -0.6666644513607024 1.175930976867676 0.4947072714567185 0.10833333432674409 1.0058429241180422 0.030325888656079773 1.1525650620460512 0.075000001117587103 0.49544803798198706 1.0000000180025095e-35 0.44426541030406957 0.85833334922790538 0.025423681363463405 0.86232659220695507 0.95511852781299844 0.76583382487297069 0.59069572506286694 0.96653404756951689 0.077386878430843367 0.62767717242240917 1.1198952198028567 0.8684268891811372 0.0011637830757535996
decision_type=2 8 10 10 10 2 2 2 2 10 2 2 2 2 2 10 2 8 2 2 10 2 10 2 2 2 8 2 2 10
left_child=1 2 3 10 14 24 7 8 9 17 11 -1 21 -12 -4 19 27 -3 29 20 -8 22 -6 -24 -2 -14 -9 -17 -5 -16
right_child=5 6 4 28 12 -7 15 26 -10 -11 13 -13 25 -15 18 16 -18 -19 -20 -21 -22 -23 23 -25 -26 -27 -28 -29 -30 -31
leaf_value=0.011545992808073368 -0.0065602503080510388 -0.009460758126777144 0.0011743225111498625 -0.0019974934317556052 0.0017906846960136598 -0.0018830103048151454 -0.00038439810224865555 -0.0029715244416485538 0.0014553019873324692 -0.0010292838365819565 0.002127175080942758 0.0011106245144550154 0.0014691549521563016 0.0068101065704569384 -0.00010734252880653189 -8.354497769086277e-05 0.0010595616896207291 -0.0041256460971337795 -0.0019989381375276481 -0.0017770148453727366 0.0019859087677141065 0.00045041442841191369 0.0001774710833194183 0.0053556728425195764 -0.0018194223673821523 -0.0042912578875003082 -0.00014616669946993045 0.0045456459166598505 0.00087725239447875893 0.00072430567628973088
leaf_weight=303 1904 396 5060 474 1734 693 15167 500 246 372 1241 175 182 376 19871 15025 6364 368 1063 2212 856 1138 215 880 231 251 4247 159 2645 6343
leaf_count=303 1904 396 5060 474 1734 693 15167 500 246 372 1241 175 182 376 19871 15025 6364 368 1063 2212 856 1138 215 880 231 251 4247 159 2645 6343
internal_value=7.1207e-06 0.000170969 0.000583511 0.00200138 0.000380866 -0.00506405 -0.000204898 -0.00123367 -0.00387039 -0.0050679 0.00432482 0.00784019 0.00175278 0.00325053 0.000192599 -4.5121e-05 0.000288462 -0.00696508 8.61553e-06 -0.000442047 -0.000254532 0.00214883 0.00281396 0.00438566 -0.00607181 -0.00175701 -0.000454855 -3.14813e-05 0.000423846 9.2004e-05
internal_weight=90691 87863 41951 5214 36737 2828 45912 6129 1382 1136 2095 478 4400 1617 32337 39783 21548 764 27277 18235 16023 3967 2829 1095 2135 433 4747 15184 3119 26214
internal_count=90691 87863 41951 5214 36737 2828 45912 6129 1382 1136 2095 478 4400 1617 32337 39783 21548 764 27277 18235 16023 3967 2829 1095 2135 433 4747 15184 3119 26214
is_linear=0
shrinkage=0.05


Tree=8
num_leaves=31
num_cat=0
split_feature=11 47 48 81 81 82 0 41 56 89 32 44 27 40 79 5 52 79 38 86 38 11 33 12 80 5 124 17 6 80
split_gain=25.898 5.19842 8.65787 5.48046 9.84879 13.0601 4.56929 5.47328 5.82608 3.59355 3.41567 2.85724 2.5644 2.35719 2.35373 3.84727 2.36643 2.27561 2.25218 2.19948 2.12337 2.13757 2.10737 1.91877 1.80356 1.7594 2.67615 1.61799 1.59501 1.59012
threshold=0.89296352863311779 1.4727565050125124 0.93048468232154857 0.21666666865348819 0.25000000745058065 0.025000001303851608 -0.058425070717930787 0.08284738659858705 1.3000551462173464 0.60617190599441539 0.003090322832576931 1.0853344798088076 0.28368182480335241 -0.036383910104632371 0.45000000298023229 0.037703869864344604 0.73385185003280651 0.15000000223517421 -0.00025240497780032451 -0.45000000298023218 -0.0003721041430253535 0.98691487312316906 0.68553191423416149 1.0064240097999575 0.52500000596046459 0.021677992306649688 0.43493232131004339 0.65963563323020946 0.34146137535572058 0.075000001117587103
decision_type=2 2 2 2 2 2 2 10 2 8 10 2 10 8 2 2 2 2 8 2 10 2 10 2 2 2 10 10 2 2
left_child=13 3 11 9 5 23 22 12 24 14 29 -3 -8 -1 15 16 17 -2 27 -13 -19 -22 -4 -5 -9 26 -11 -12 -15 -6
right_child=1 2 6 4 10 -7 7 8 -10 25 18 19 -14 28 -16 -17 -18 20 -20 -21 21 -23 -24 -25 -26 -27 -28 -29 -30 -31
leaf_value=-0.0072994640156793513 0.0014647329539618991 0.0019883048452250733 0.0010353403419392873 -0.0052963804875430353 0.0010120119872449082 -0.0011791986947703454 0.0014440097660011735 0.011328770931861814 0.00099539057172047551 -0.00026063240003063997 -0.0037193722360430361 0 -0.0019803273168572696 -0.0018424714692596583 0.00040664749607045712 -0.0029274983618240232 0.00090967674188754336 0.0018026614359001704 -0.00026894007699894429 -0.0029204585189181766 0.0038536601373125529 0.0089349359528377564 0.006880440207087099 -0.01083939340446108 0.0012679967115576747 -0.0015398664128520529 0.0017994082398881568 -0.0013151648372905849 -0.0059075051393212598 -5.0058153109998734e-05
leaf_weight=1004 2300 633 229 311 3987 2367 5719 333 379 8885 993 1090 592 575 10228 453 4326 857 4278 1567 910 303 664 464 65 1920 1912 2808 489 29823
leaf_count=1004 2300 633 229 311 3987 2367 5719 333 379 8885 993 1090 592 575 10228 453 4326 857 4278 1567 910 303 664 464 65 1920 1912 2808 489 29823
internal_value=2.30241e-05 0.000153 0.00115598 5.76353e-06 -0.000349403 -0.00304968 0.0020477 0.00161252 0.00558579 0.00050565 -0.0001456 -0.00099195 0.00111461 -0.00550599 0.000934597 0.00151924 0.00175694 0.00258383 -0.00106957 -0.00172125 0.00380183 0.00517043 0.00544029 -0.00868916 0.00981829 -0.000144032 9.96748e-05 -0.00195722 -0.00376145 7.37325e-05
internal_weight=90464 88396 11271 77125 45031 3142 7981 7088 777 32094 41889 3290 6311 2068 19377 9149 8696 4370 8079 2657 2070 1213 893 775 398 12717 10797 3801 1064 33810
internal_count=90464 88396 11271 77125 45031 3142 7981 7088 777 32094 41889 3290 6311 2068 19377 9149 8696 4370 8079 2657 2070 1213 893 775 398 12717 10797 3801 1064 33810
is_linear=0
shrinkage=0.05


Tree=9
num_leaves=31
num_cat=0
split_feature=1 89 16 84 15 36 126 5 142 52 32 53 80 9 121 87 14 159 53 52 92 12 37 38 17 48 152 36 34 30
split_gain=25.5836 4.93196 3.86255 9.85428 3.44566 3.30533 3.29884 2.78016 2.73025 2.59673 2.57922 2.97432 2.53547 2.68699 2.44393 2.05351 1.92879 1.83931 1.79042 1.7273 1.71489 3.67205 1.682 1.61635 1.61384 1.53764 1.82814 1.57409 1.49328 2.08652
threshold=0.13043481856584552 0.49460037052631384 1.2992014884948733 1.0000000180025095e-35 0.99388995766639721 0.64196673035621654 0.30286659300327307 0.030325888656079773 1.3110332489013674 0.66335058212280285 0.0018517357530072334 1.204750716686249 0.075000001117587103 1.0767771601676943 0.31790092587471014 0.90833333134651195 0.9610973894596101 0.93836302599941657 1.1601572632789614 0.47691543400287634 0.37424072623252874 1.0071585178375246 0.80527833104133617 0.0079775443300604838 0.86038830876350414 0.94176939129829418 0.50429168343544017 0.68075138330459606 0.86473336815834057 0.0015612064744345846
decision_type=2 8 10 2 10 10 10 2 10 2 8 2 2 2 8 2 8 2 2 2 10 2 10 10 10 2 10 10 8 10
left_child=1 2 6 4 -4 9 12 17 -2 -5 11 16 -1 15 19 -14 28 22 -15 -12 21 -16 -8 24 -18 -6 -27 -28 -3 -30
right_child=8 10 3 5 25 -7 7 -9 -10 -11 14 -13 13 18 20 -17 23 -19 -20 -21 -22 -23 -24 -25 -26 26 27 -29 29 -31
leaf_value=0.0011256084718072725 -0.0059524684605470274 0.00043330863646021584 -0.0041026500898831593 -0.0017445156365283765 -5.2678952824112443e-05 0.0014529554796785019 0.0019584954885361744 -0.0018650437274063297 -0.0019098866358350066 0.010612957402112424 -0.0028715149699396884 0.006121955062885133 7.5863136441391722e-06 0.00049556532326826633 -0.00081149102763574006 -0.002972219830723368 -0.0025624502502889605 0.00056163572189129847 0.0067058201727532591 0.0014365607788110015 -0.00067617749438877062 -0.0047854589961905227 0.0047849147364467182 0.00061385067353013508 -0.00039487735182357377 0.00030833532879933289 0.0066135953380625674 0.0022181101900849822 0.0067606095760853876 0.00091239576958250426
leaf_weight=6113 1892 7348 315 39 1102 189 1858 495 589 464 259 201 29905 256 1925 588 941 1430 245 1845 13127 859 806 3775 11507 741 323 715 232 518
leaf_count=6113 1892 7348 315 39 1102 189 1858 495 589 464 259 201 29905 256 1925 588 941 1430 245 1845 13127 859 806 3775 11507 741 323 715 232 518
internal_value=-7.20301e-06 0.00013325 0.000494957 0.00200476 0.000814893 0.00741891 0.00035293 0.00161893 -0.00501404 0.00955406 -0.000253195 7.86853e-05 0.000194977 9.78322e-06 -0.000707704 -4.83295e-05 2.64355e-05 0.00205274 0.00363943 0.000881376 -0.000921021 -0.00205689 0.00283387 -0.000286007 -0.000562943 0.00137115 0.00228076 0.00363905 0.000658494 0.00279461
internal_weight=90602 88121 45584 3888 3196 692 41696 4589 2481 503 42537 24522 37107 30994 18015 30493 24321 4094 501 2104 15911 2784 2664 16223 12448 2881 1779 1038 8098 750
internal_count=90602 88121 45584 3888 3196 692 41696 4589 2481 503 42537 24522 37107 30994 18015 30493 24321 4094 501 2104 15911 2784 2664 16223 12448 2881 1779 1038 8098 750
is_linear=0
shrinkage=0.05


Tree=10
num_leaves=31
num_cat=0
split_feature=1 89 32 48 81 81 82 35 82 73 46 120 80 82 80 12 80 157 12 159 159 84 16 1 58 52 126 157 25 0
split_gain=22.2673 4.5372 4.24417 5.29908 4.30255 3.51825 7.21288 3.23561 3.02305 2.7555 2.10679 2.05495 2.01803 3.36741 5.06909 4.5022 2.58946 2.00936 1.93645 2.51248 1.93547 1.82189 1.74401 1.65963 1.82076 1.59743 1.53515 1.85406 1.49748 1.47286
threshold=0.12535332143306735 0.53139176964759838 -0.0052938591688871375 0.92980691790580761 0.21666666865348819 0.25000000745058065 0.025000001303851608 0.32989107072353369 0.058333335444331176 0.90000000596046459 1.2526639103889468 0.48795564472675329 0.37500000000000006 0.025000001303851608 0.27500000596046453 1.0062834024429324 0.62500000000000011 -0.013689250219613312 1.0023646950721743 0.67469315711736233 0.91725335177746137 0.55000001192092907 1.3891803026199343 1.0000000180025095e-35 1.0712173581123354 0.79138180613517772 0.44164432585239416 0.063035946339368834 0.046698555350303657 -0.031779648736119263
decision_type=2 8 10 2 2 2 2 10 2 2 2 10 2 2 2 2 2 10 2 2 2 2 10 2 2 2 8 10 10 2
left_child=1 2 3 21 11 6 20 8 10 29 -5 18 13 14 -3 -16 22 28 -4 25 -6 -1 -14 -18 -25 -20 27 -15 -10 -2
right_child=9 12 4 7 5 -7 -8 -9 17 -11 -12 -13 16 26 15 -17 23 -19 19 -21 -22 -23 -24 24 -26 -27 -28 -29 -30 -31
leaf_value=-0.00089419494268034661 2.5749802902013199e-05 -0.0009183254845097059 0.00076909123381620377 -0.00037664476730343366 -0.0098618283923204274 1.6077422052934484e-05 -0.00040031547119673467 0.0015776060445861367 0.0018804476397373676 -0.0015564161770143553 0.01031278459465731 7.9829509588313235e-05 0.00075501937102103389 -0.00022190971216573364 -0.0016564009189128795 -0.0094298059838768006 -0.0088914264382573931 0.00038407700277447306 0.0045035977812033908 0.00099976345701032246 0 0.0047085338336145446 0.0052344690118827754 -0.00035801850217626491 0.0080093557362516336 0.0012421637651562419 0.0015957111005286398 -0.0016393208514908662 0.0065521275214848523 -0.0055451977034995078
leaf_weight=1822 107 2343 7034 44 327 24396 1138 2587 322 718 294 5273 6300 15491 392 390 56 428 1297 2290 61 155 229 10109 64 597 968 2740 486 2050
leaf_count=1822 107 2343 7034 44 327 24396 1138 2587 322 718 294 5273 6300 15491 392 390 56 428 1297 2290 61 155 229 10109 64 597 968 2740 486 2050
internal_value=-1.30547e-05 0.000128465 0.000451638 0.00168197 0.00027237 -0.000127617 -0.0024561 0.00269611 0.00450055 -0.00434266 0.00877676 0.000904106 -0.000271729 -0.000583451 -0.00210831 -0.00560411 0.000140553 0.00328459 0.00128706 0.00214551 -0.00834063 -0.000427496 0.000920567 -0.00035247 -0.000299681 0.00350316 -0.00033255 -0.000437758 0.00475682 -0.00524579
internal_weight=90508 87633 48551 6138 42413 25922 1526 4161 1574 2875 338 16491 39082 22324 3125 782 16758 1236 11218 4184 388 1977 6529 10229 10173 1894 19199 18231 808 2157
internal_count=90508 87633 48551 6138 42413 25922 1526 4161 1574 2875 338 16491 39082 22324 3125 782 16758 1236 11218 4184 388 1977 6529 10229 10173 1894 19199 18231 808 2157
is_linear=0
shrinkage=0.05


Tree=11
num_leaves=31
num_cat=0
split_feature=1 152 16 25 36 81 81 82 53 3 39 1 122 121 159 159 161 91 37 159 76 142 79 82 127 78 43 34 8 51
split_gain=20.372 4.00145 5.93949 6.27599 3.94616 3.94178 6.08014 8.13289 3.4086 2.68758 2.41437 2.43303 3.74424 3.56416 2.92189 2.27685 2.11827 2.10997 1.90248 3.81119 1.88878 2.32703 2.5847 1.80983 1.8035 1.76906 1.76593 1.34205 1.34152 1.23847
threshold=0.13785236328840259 0.51085945963859569 1.3109498620033266 0.075373489409685149 0.59569343924522411 0.21666666865348819 0.25000000745058065 0.025000001303851608 1.1398835182189944 0.030271901749074463 0.0054900327231735 0.067661866545677199 0.38368986546993261 0.31005768477916723 0.84690759657439763 0.82760101321847757 0.92852531726084686 0.53990569710731517 0.81603989005088817 0.62358001988826139 0.050000002607703216 0.80640169978141796 0.35000000894069677 0.20833333581686023 -0.091268803924322114 0.90000000596046459 1.0966683626174929 0.41449709236621862 -0.6666748821735381 0.90579435229301464
decision_type=2 10 10 10 10 2 2 2 2 2 8 2 10 10 2 2 2 8 10 2 2 10 2 2 10 2 2 10 2 2
left_child=1 5 8 4 -4 10 7 15 17 20 11 13 -13 14 -1 -7 -2 -3 -15 25 21 22 -8 28 -10 27 -11 -20 -19 -5
right_child=16 2 3 29 -6 6 9 -9 24 26 -12 12 -14 18 -16 -17 -18 23 19 -21 -22 -23 -24 -25 -26 -27 -28 -29 -30 -31
leaf_value=0.0052540847981277922 -0.0054976550197849625 0.00072598022116843294 0.0087716692888609067 -0.0011680314193670122 0.0021653634712874262 -0.0095383299815903627 0.01189419451461296 -0.0011457404495649225 0.0057964007400579422 -0.00057337377057217059 -0.00021477879304869068 -0.0028334028587903037 0.00077382467210964842 0.00045595743365739905 0.00080386608506383735 -0.0016719419520086376 -0.00090404618563803124 -0.0033491662721318949 0.0082925816211655429 0.00040196288350012062 -0.0002603702624972279 0.00065574332002727353 -0.00039265264113921491 0.00017959531336934862 0 0.00044748028449248523 -0.0029304324642442478 0.0016625285004284536 -0.00070736765852387365 0.0018339928337140203
leaf_weight=874 1812 12143 572 460 414 472 98 1811 435 1907 10392 1094 2066 9031 690 135 323 625 374 1089 27269 3586 62 7333 186 165 1449 122 2452 1195
leaf_count=874 1812 12143 572 460 414 472 98 1811 435 1907 10392 1094 2066 9031 690 135 323 625 374 1089 27269 3586 62 7333 186 165 1449 122 2452 1195
internal_value=-1.19695e-06 0.000114706 0.000638863 0.00288788 0.00605349 -0.000100359 -0.000433639 -0.00285866 0.000380285 -0.000261506 0.000371162 0.000767094 -0.00045969 0.00108518 0.00332447 -0.00787667 -0.00482685 0.000277188 0.000755411 0.00227106 -0.000114307 0.000935399 0.00684962 -0.000241533 0.00403762 0.00526962 -0.00160653 0.00676903 -0.00126113 0.000969199
internal_weight=90636 88501 25815 2641 986 62686 36789 2418 23174 34371 25897 15505 3160 12345 1564 607 2135 22553 10781 1750 31015 3746 160 10410 621 661 3356 496 3077 1655
internal_count=90636 88501 25815 2641 986 62686 36789 2418 23174 34371 25897 15505 3160 12345 1564 607 2135 22553 10781 1750 31015 3746 160 10410 621 661 3356 496 3077 1655
is_linear=0
shrinkage=0.05


Tree=12
num_leaves=31
num_cat=0
split_feature=1 79 16 25 9 53 5 87 51 116 91 25 159 31 85 12 17 160 28 38 12 112 25 10 31 159 117 16 159 37
split_gain=19.0004 4.28999 9.74135 5.35014 4.91306 3.87404 3.60709 3.34343 2.5056 2.40012 2.35113 2.32785 2.67085 2.30507 3.23824 2.67002 3.28083 2.20328 1.9743 1.95251 2.49879 3.22654 1.65429 1.54567 1.52687 1.52642 1.48361 1.43047 1.39398 1.36039
threshold=0.12111108377575876 0.45000000298023229 1.4102833271026614 0.098389051854610457 1.0710268616676333 1.1601572632789614 0.031102173961699012 -0.29166667163372034 0.92134743928909313 0.70873391628265392 0.55274316668510448 0.084571886807680144 0.92538717629049416 0.0024491202784702186 -1.0000000180025095e-35 1.0074623227119448 0.83509710431098949 0.50045982610328144 -0.030624748207628723 0.0083200247026979941 1.0041514039039614 0.10833333432674409 0.069262035191059126 1.0504845380783083 -0.0053260538261383763 0.96742364045542983 0.52063369750976574 1.432964622974396 0.58696830173078507 0.547846019268036
decision_type=2 2 10 8 2 2 2 2 2 10 8 8 2 10 2 2 8 2 10 8 2 2 10 2 8 2 10 10 2 10
left_child=1 2 6 8 7 -6 9 18 -4 10 19 -2 24 14 27 -16 -17 -15 23 -1 -21 -22 -8 -3 -13 -11 -24 28 -9 -23
right_child=11 4 3 -5 5 -7 22 13 -10 25 -12 12 -14 17 15 16 -18 -19 -20 20 21 29 26 -25 -26 -27 -28 -29 -30 -31
leaf_value=0.00054577842955860106 -0.0014693652267990167 0.0012841005410880579 0.010176441975271825 -0.0010618133834764563 0.00040357068665552949 0.006176217375405902 0.00013568068669496768 -0.00090048305468652223 0.0015259353376873039 0.0027577492007772441 -1.0174369395918521e-05 -0.0027344210081000214 -7.8755710823291802e-05 0.0014092361259073929 -0.0010439064336153884 -0.0069816161045623479 -0.0021077889237347738 -0.00027209452125260598 0.00022966397493968439 0.0012595720907403033 0.0017118169254406797 0.00074554654888297415 0.0013116235580937529 0.005675171045760468 -0.0061262347101926577 0 -0.0033816500152147339 0.0020971795826931895 4.093875160348858e-05 0.011160880348214768
leaf_weight=11915 839 879 462 184 684 532 813 9179 120 1889 15194 507 301 2394 4685 463 1591 10410 12915 3007 379 50 181 280 1510 680 1113 541 6707 197
leaf_count=11915 839 879 462 184 684 532 813 9179 120 1889 15194 507 301 2394 4685 463 1591 10410 12915 3007 379 50 181 280 1510 680 1113 541 6707 197
internal_value=-6.25956e-06 0.000130788 0.000547932 0.00612763 -0.0001627 0.00297319 0.000425676 -0.000239955 0.00848427 0.000553705 0.000428912 -0.00381693 -0.00464408 -0.000496222 -0.000793886 -0.00171911 -0.00323361 3.84494e-05 0.000411444 0.000861191 0.00188144 0.00478209 -0.001574 0.00239201 -0.00530021 0.00202684 -0.00268606 -0.000411197 -0.000499894 0.00926563
internal_weight=90601 87444 36184 766 51260 1216 35418 50044 582 33311 30742 3157 2318 35970 23166 6739 2054 12804 14074 15548 3633 626 2107 1159 2017 2569 1294 16427 15886 247
internal_count=90601 87444 36184 766 51260 1216 35418 50044 582 33311 30742 3157 2318 35970 23166 6739 2054 12804 14074 15548 3633 626 2107 1159 2017 2569 1294 16427 15886 247
is_linear=0
shrinkage=0.05


Tree=13
num_leaves=31
num_cat=0
split_feature=12 30 121 16 56 80 5 46 91 80 159 16 17 27 137 87 39 65 27 125 69 24 17 2 159 159 30 37 159 79
split_gain=13.9034 4.49567 4.48582 4.60491 9.52103 5.299 4.10812 3.5885 3.11762 3.04796 2.06152 2.02939 1.99096 1.97639 2.08712 1.90378 2.20955 1.85424 1.85133 1.85044 2.10864 1.63676 1.63597 1.62994 1.75447 1.58555 1.567 1.55869 1.54714 1.51471
threshold=0.95583620667457592 0.016098973341286186 0.30157765746116644 1.2702747583389284 1.1418517827987673 0.32500000298023229 0.03923341631889344 1.4595353603363039 0.43382249772548681 0.52500000596046459 0.95789925845541701 1.5507159829139712 0.7538622021675111 0.21497540175914767 0.40616935491561895 0.82499998807907116 -0.01240067323669791 0.55718955397605907 0.10251957550644876 0.28999198973178869 0.83461079001426708 0.12805412709712985 0.64770004153251659 -0.3382361233234405 0.82760101321847757 0.34091354898534187 0.0050398479215800771 0.78378579020500194 0.93393825460230151 0.45000000298023229
decision_type=2 8 10 10 2 2 2 2 10 2 2 10 8 8 10 2 10 2 10 10 2 8 10 2 2 2 10 10 2 2
left_child=17 2 10 8 7 -6 13 -5 15 11 23 -7 26 14 -3 16 18 -1 -4 20 25 -20 -17 24 -2 -14 27 -10 -8 -18
right_child=1 6 3 4 5 9 28 -9 12 -11 -12 -13 19 -15 -16 22 29 -19 21 -21 -22 -23 -24 -25 -26 -27 -28 -29 -30 -31
leaf_value=-0.0053012063491411892 0.0069201954082586505 -0.0021020996763795627 0.00057189977087294171 0.0030278388105864917 -0.0023796248568230863 0.0018699340228027972 -0.0063428347544607607 0.009242868461892052 -0.00097536897898209461 0.00087605545579399167 0.00017030526688368655 0.0087008600809076186 -0.0008814050113993612 -0.0044969010443310252 0.0010762443486959389 -0.0029346221845580286 0.0008309206352428456 -0.0015383795984242289 0.0023147580452417093 0.00075081714462387644 0.0011211631950951045 -0.0051117170936373045 -5.6461029030027724e-05 0.0020224542129110494 8.5866475130618274e-05 -0.00014307096238831791 -0.0020223894423990331 0.0018721127167403613 0 -0.00011646942650420309
leaf_weight=1328 412 880 4908 560 1211 262 553 444 2043 4271 1107 220 10853 315 1234 729 6379 491 3152 4952 2487 71 1641 1636 141 22688 2729 621 103 12257
leaf_count=1328 412 880 4908 560 1211 262 553 444 2043 4271 1107 220 10853 315 1234 729 6379 491 3152 4952 2487 71 1641 1636 141 22688 2729 621 103 12257
internal_value=1.10403e-05 0.000100195 0.000168184 9.52516e-05 0.00132512 0.000557097 -0.00177337 0.00583253 -1.75938e-05 0.0013162 0.00197746 0.00510286 -0.00027289 -0.000799921 -0.00022354 0.000387002 0.000508497 -0.00431439 0.00119747 -0.000152623 -0.000278205 0.00213412 -0.000963721 0.00286803 0.00527118 -0.000383487 -0.00117729 -0.000292383 -0.00529502 0.000205161
internal_weight=90678 88859 85774 82478 6968 5964 3085 1004 75510 4753 3296 482 46373 2429 2114 29137 26767 1819 8131 40980 36028 3223 2370 2189 553 33541 5393 2664 656 18636
internal_count=90678 88859 85774 82478 6968 5964 3085 1004 75510 4753 3296 482 46373 2429 2114 29137 26767 1819 8131 40980 36028 3223 2370 2189 553 33541 5393 2664 656 18636
is_linear=0
shrinkage=0.05


Tree=14
num_leaves=31
num_cat=0
split_feature=11 38 52 9 126 53 29 16 32 11 157 82 8 80 80 27 39 159 29 159 130 157 2 159 27 3 142 82 126 149
split_gain=15.1296 3.56632 4.00014 4.38211 3.90394 3.67206 3.37359 8.44021 3.0494 7.08786 2.44127 3.10677 5.76256 3.13527 3.23025 2.24397 2.10897 1.95044 1.88277 1.84913 1.80558 1.69578 1.68665 1.58678 1.53914 2.68432 1.86371 2.06154 1.33123 1.32943
threshold=0.8845697045326234 0.0067068012431263932 0.52775931358337413 1.0710268616676333 0.39028662443161016 1.1601572632789614 -0.0058292171452194444 1.432964622974396 0.0055151409469544896 0.97783517837524425 0.045518543571233756 0.025000001303851608 -0.77777883410453785 0.37500000000000006 0.17500000447034839 0.18165528774261477 0.0024609810207039122 0.31337347236928831 0.0066046300344169149 0.13983155194801042 1.098959267139435 -0.0083243856206536276 -0.56029298901557911 0.48662814074729194 0.12363375350832941 0.02307018265128136 1.0311393141746523 0.058333335444331176 0.42976166307926184 0.55171427130699169
decision_type=2 10 2 2 10 2 10 10 10 2 8 2 2 2 2 10 10 2 10 2 2 10 2 2 10 2 10 2 10 10
left_child=-1 2 20 4 10 -5 21 8 -8 19 11 12 13 14 -4 23 24 -11 -19 -10 -2 -3 -6 -14 -13 26 27 -26 -22 -18
right_child=1 6 3 5 22 -7 7 -9 9 17 -12 16 15 -15 -16 -17 29 18 -20 -21 28 -23 -24 -25 25 -27 -28 -29 -30 -31
leaf_value=-0.004577893787446277 -0.0040406054527262264 0.00058627537142285626 -0.0019873584635341653 0.00066143873854024294 0.0050038542965210034 0.0056608885503138858 0.000543761644214201 0.0082560342646695178 0.0078375906078624984 0.01241612360077852 -0.0011043018803494414 0.00015386038072001107 -0.0020220706812654169 -0.00077702300287436389 -0.0087200165592734458 0.0040834904763047833 6.423870616710628e-05 0.0025544643491116404 0.010365416216484916 0.00068484281574833755 -0.0016910698590315481 -0.00062352180753213506 0.0012523448787707381 1.7447148283801004e-05 0.0089904006638546821 -0.00095402399745517913 0.0011072109207653804 0.0025659479914899937 0.0035983038919994216 -0.00086244632675738829
leaf_weight=1758 905 5243 322 1035 367 593 13540 395 96 159 6597 22319 1364 469 474 268 7605 255 129 1949 646 6443 2085 3008 160 1159 2894 801 141 7689
leaf_count=1758 905 5243 322 1035 367 593 13540 395 96 159 6597 22319 1364 469 474 268 7605 255 129 1949 646 6443 2085 3008 160 1159 2894 801 141 7689
internal_value=1.35131e-05 0.000104706 -0.000109885 -4.05041e-05 -0.000113682 0.00251554 0.00056975 0.00102979 0.000849203 0.00242708 -0.00020134 -7.75491e-05 -0.00115278 -0.00414623 -0.00606515 -0.000325182 7.02497e-05 0.00751476 0.00532843 0.00104872 -0.00250676 -7.64564e-05 0.00183604 -0.000607736 0.000334317 0.00112743 0.00176627 0.00369578 -0.000676603 -0.000398406
internal_weight=90868 89110 60901 59209 57581 1628 28209 16523 16128 2588 55129 48532 5905 1265 796 4640 42627 543 384 2045 1692 11686 2452 4372 27333 5014 3855 961 787 15294
internal_count=90868 89110 60901 59209 57581 1628 28209 16523 16128 2588 55129 48532 5905 1265 796 4640 42627 543 384 2045 1692 11686 2452 4372 27333 5014 3855 961 787 15294
is_linear=0
shrinkage=0.05


Tree=15
num_leaves=31
num_cat=0
split_feature=1 77 82 8 53 37 11 159 16 45 82 38 81 92 157 79 32 80 51 78 58 127 159 26 159 80 80 15 142 80
split_gain=14.0688 3.57264 4.45732 5.15653 4.41057 4.00894 3.84583 4.62385 3.19054 5.76967 3.46923 3.09037 3.08732 2.76871 2.50387 3.26239 2.34471 2.14411 1.84386 1.72495 1.62257 1.60507 1.51081 1.49632 1.39169 2.89674 2.05449 1.32768 1.23916 1.26089
threshold=0.12111108377575876 0.35833333432674414 0.025000001303851608 -0.73333111405372609 1.1905371546745303 0.80891188979148876 0.98027950525283825 0.84351608944459522 1.2892321944236758 1.1754056811332705 0.10833333432674409 0.0053598377853631982 0.58333334326744091 0.4812579900026322 0.052461091428995139 0.25000000745058065 0.0027818985981866722 0.12500000372529033 0.73577988147735607 0.90000000596046459 1.0369142889976504 0.24076987802982333 0.68259155606766597 0.17536830157041552 0.63126258484978437 0.37500000000000006 0.27500000596046453 1.02457731962204 1.4624803662300112 0.075000001117587103
decision_type=2 2 2 2 2 10 2 2 10 2 2 8 2 10 10 2 8 2 2 2 2 10 2 10 2 2 2 8 8 2
left_child=1 4 3 12 8 14 -7 11 17 10 -10 21 13 22 15 19 -2 18 -1 -4 -19 -8 -3 -6 25 26 -5 -11 29 -18
right_child=16 2 5 24 23 6 7 -9 9 27 -12 -13 -14 -15 -16 -17 28 20 -20 -21 -22 -23 -24 -25 -26 -27 -28 -29 -30 -31
leaf_value=0.0029866991259942209 -0.00081043386956182548 -0.0094980900885887672 0.0011577399889514878 -0.002287926925822538 0.0063445278104426132 0.00014370290092424027 0.0011102711700825415 -2.6254339701040934e-05 0.0091252142944848336 -0.00346469571837328 0.0020249690182870795 0.0080777667835689859 0.00016153640381226007 -0.0016927942594356208 -0.0010301336015498212 -0.00024593453756247924 -0.0017073169588830107 -1.4983294085950891e-05 0.00070561152619613818 -0.00033789760936529578 0.0030450640732411411 0.0051344904211843593 -0.0038726861254993077 -0.0023922598841501046 -4.3845339314326261e-05 -0.00016994646688613644 -0.0081925500626675776 0.001104620021895154 -0.0012264605825672941 -0.0051337176554782293
leaf_weight=1065 796 403 7905 521 421 3115 592 867 392 167 346 442 285 331 6378 27247 378 20524 6049 2487 441 483 225 46 3505 1216 229 2072 383 1662
leaf_count=1065 796 403 7905 521 421 3115 592 867 392 167 346 442 285 331 6378 27247 378 20524 6049 2487 441 483 225 46 3505 1216 229 2072 383 1662
internal_value=0 0.000119335 -0.000118803 -0.00132778 0.000545705 4.41642e-05 0.00131762 0.00282983 0.000471322 0.00203045 0.00587128 0.00449403 -0.00423957 -0.0055984 -0.000113818 4.01482e-05 -0.00324575 0.000304172 0.0010545 0.000794997 4.71423e-05 0.00296792 -0.00757147 0.00537383 -0.000655908 -0.0017211 -0.00416589 0.000740093 -0.00402451 -0.00452447
internal_weight=90973 87754 56231 6715 31523 49516 5499 2384 31056 2977 738 1517 1244 959 44017 37639 3219 28079 7114 10392 20965 1075 628 467 5471 1966 750 2239 2423 2040
internal_count=90973 87754 56231 6715 31523 49516 5499 2384 31056 2977 738 1517 1244 959 44017 37639 3219 28079 7114 10392 20965 1075 628 467 5471 1966 750 2239 2423 2040
is_linear=0
shrinkage=0.05


Tree=16
num_leaves=31
num_cat=0
split_feature=1 38 17 92 9 33 119 28 141 1 29 27 11 107 114 81 81 11 127 159 5 142 132 122 43 111 158 34 48 94
split_gain=12.2866 3.24277 4.86021 4.66951 3.5285 3.70539 2.97669 2.82908 2.2926 2.28727 2.23407 4.9342 3.83592 2.56482 2.11289 2.09896 3.45927 2.00025 1.82472 2.11054 1.60718 1.54577 1.53361 1.48613 1.47084 1.44133 1.21407 1.20062 1.16631 1.16058
threshold=0.12535332143306735 0.0083200247026979941 0.70992007851600658 0.37879440188407904 1.0710268616676333 0.74707764387130748 0.42669923603534704 -0.007382866693660616 1.2251204848289492 0.058732226490974433 -0.0058292171452194444 0.14252419769763949 0.97028270363807689 0.44166666269302374 0.20626366138458255 0.21666666865348819 0.31666667759418493 0.97337868809700023 0.29194395244121557 0.77061316272508906 0.02960904780775309 0.84930172562599193 1.415616571903229 0.44830535352230078 1.1141307950019839 0.31666667759418493 0.58214585079631187 0.90509545803070079 0.81783258914947521 0.43157942593097692
decision_type=2 10 8 10 2 10 8 8 8 2 10 10 2 2 10 2 2 2 10 2 2 10 2 10 2 2 2 10 2 10
left_child=1 2 3 15 6 -6 17 20 -2 18 23 -12 28 -14 -11 -1 26 -4 -5 -20 -8 22 -19 -3 -9 27 -17 -23 -13 -15
right_child=8 10 4 9 5 -7 7 24 -10 14 11 12 13 29 -16 16 -18 21 19 -21 -22 25 -24 -25 -26 -27 -28 -29 -30 -31
leaf_value=-0.0019133743497596876 -0.0039510356938933641 -0.00096371858132309482 -0.00048308787499186422 -0.00038723919516403939 8.183705712292764e-05 0.0052931759306768314 0.00012588075638352391 -0.00049952569011526649 -0.0004680745187362611 0.010581655456574962 0.00063888509350047034 -0.0030838453817985988 0.0090849597214618348 0.005377119577315171 -0.0018006100369980492 0.00012754154502710497 -0.0026435533081154879 0.0012706615918626389 0.0061202026029268507 0.00043634632673014749 0.0018421083991254324 0.00054243203154488468 0.0099248627161091958 0.00041247087691580024 -0.0029207021875326073 0.0029774131805491788 -0.010172391145767387 0.0033349070278830915 0.0020749553036390959 0
leaf_weight=1078 2238 2624 3571 1082 751 656 14062 23174 642 33 11797 113 384 219 2014 21 518 149 291 419 1522 12359 93 7713 654 707 312 405 1145 161
leaf_count=1078 2238 2624 3571 1082 751 656 14062 23174 642 33 11797 113 384 219 2014 21 518 149 291 419 1522 12359 93 7713 654 707 312 405 1145 161
internal_value=2.00092e-05 0.000125714 -6.02046e-05 -0.00144482 7.64107e-05 0.00254912 1.41209e-05 -0.000224895 -0.00319241 -0.000421216 0.000619354 0.00103543 0.00332285 0.00613828 -0.00157151 -0.00345476 -0.00534408 0.000562013 0.000865022 0.00284158 0.000296811 0.000837828 0.00482937 5.82355e-05 -0.000568197 0.000762058 -0.00937471 0.000635208 0.00156977 0.00301331
internal_weight=90907 88027 63871 5768 58103 1407 56696 39412 2880 3839 24156 13819 2022 764 2047 1929 851 17284 1792 710 15584 13713 242 10337 23828 13471 333 12764 1258 380
internal_count=90907 88027 63871 5768 58103 1407 56696 39412 2880 3839 24156 13819 2022 764 2047 1929 851 17284 1792 710 15584 13713 242 10337 23828 13471 333 12764 1258 380
is_linear=0
shrinkage=0.05


Tree=17
num_leaves=31
num_cat=0
split_feature=12 89 17 79 16 5 81 39 22 76 158 38 124 155 38 65 125 82 12 141 53 106 18 92 17 12 6 112 48 132
split_gain=8.85542 3.45735 2.99707 2.58056 6.01674 3.3398 2.93377 2.7684 2.62052 2.43587 2.21443 2.14834 1.98348 1.79982 1.64033 1.62354 1.55585 1.52559 1.56505 1.4383 1.43177 1.48882 1.41757 1.45859 1.85135 2.60352 1.40558 1.34076 1.31929 1.26712
threshold=0.95583620667457592 0.53139176964759838 0.59424221515655529 0.45000000298023229 1.3521531224250796 0.046875042840838439 0.15000000596046451 -0.030521774664521214 1.162654757499695 0.11666667088866235 0.58214585079631187 -0.00414557778276503 0.43493232131004339 0.021796198561787609 0.0070082414895296105 0.55718955397605907 -0.25991337001323694 0.025000001303851608 1.010058641433716 1.1607282161712649 1.0838420391082766 0.45000000298023229 1.1198952198028567 0.45977304875850683 0.88342696428298961 1.0077636837959292 0.57031753659248363 0.058333335444331176 0.90195393562316906 1.1551506519317629
decision_type=2 8 8 2 10 2 2 10 2 2 2 10 10 10 8 2 10 2 2 10 2 2 2 10 10 2 2 2 2 2
left_child=15 3 11 4 5 6 10 8 26 19 -2 -3 22 -14 17 16 -1 18 -9 -6 21 -12 23 24 25 -4 -5 -20 -19 -29
right_child=1 2 12 7 9 -7 -8 14 -10 -11 20 -13 13 -15 -16 -17 -18 28 27 -21 -22 -23 -24 -25 -26 -27 -28 29 -30 -31
leaf_value=-0.0022209635390526938 -0.00017408422145410312 -0.0045319962476105102 -0.00088889101811635894 -0.00013349601580137259 0.0079245321670103185 -0.0034512322007473513 0.00025407756013206255 -0.00083092391155134234 0.0032086529255922328 -6.3319561705956685e-05 0.0027578628913170946 -0.0007808513746357308 0.0021733565471183185 0.00014982142345080116 0.00041659403369605214 -0.00089684650951374486 -0.0059097994618698656 -0.0017402594885214966 -0.0010741897539252828 0 -0.0014866824866095116 0.0006530175983880792 0.0028363405649295898 -0.00014189782978681233 -0.00037967083819622681 -0.0040157581152238837 0.002498989039841657 -0.00013978638407455659 -7.684686453897386e-05 -0.0084360183978874608
leaf_weight=552 1340 677 2233 2249 476 479 10918 1511 1240 144 3738 967 1480 4510 9398 498 755 1315 243 76 251 1171 345 22319 6389 987 643 75 13633 209
leaf_count=552 1340 677 2233 2249 476 479 10918 1511 1240 144 3738 967 1480 4510 9398 498 755 1315 243 76 251 1171 345 22319 6389 987 643 75 13633 209
internal_value=8.48378e-06 7.93561e-05 -0.000265591 0.000360685 0.000825283 0.000644573 0.000760271 7.59554e-05 0.00128016 0.00539274 0.00160266 -0.00235779 -0.000174332 0.000658419 -0.000110782 -0.0034571 -0.00439297 -0.000405519 -0.00169232 0.00690402 0.0020737 0.00226619 -0.000330459 -0.000366332 -0.000882357 -0.00186382 0.000435182 -0.00406116 -0.000226631 -0.00642873
internal_weight=90821 89016 39907 49109 18593 17897 17418 30516 4132 696 6500 1644 38263 5990 26384 1805 1307 16986 2038 552 5160 4909 32273 31928 9609 3220 2892 527 14948 284
internal_count=90821 89016 39907 49109 18593 17897 17418 30516 4132 696 6500 1644 38263 5990 26384 1805 1307 16986 2038 552 5160 4909 32273 31928 9609 3220 2892 527 14948 284
is_linear=0
shrinkage=0.05


Tree=18
num_leaves=31
num_cat=0
split_feature=1 121 152 27 39 38 127 59 159 82 80 16 9 82 102 160 36 6 158 160 92 17 81 81 52 159 91 54 38 25
split_gain=10.961 3.34039 3.03993 3.25342 4.85318 3.78205 3.76785 2.94283 2.92767 3.77909 3.27899 2.91699 2.79581 2.8144 2.771 2.6869 1.94827 1.85635 1.79235 3.34675 1.68091 1.6785 2.15471 3.42139 1.61014 2.70641 1.4854 1.4787 1.53447 1.45099
threshold=0.11719667166471483 0.31005768477916723 0.47146825492382055 0.12017774209380151 -0.0028075636364519592 -0.00013020911137573418 0.039278214797377593 1.0119145512580874 0.4240160062844805 0.025000001303851608 0.37500000000000006 1.3891803026199343 1.0622354149818423 0.058333335444331176 0.50833332538604747 0.82383565383565394 0.63855984807014476 0.6153848171234132 0.65104777870913677 0.71406784726284112 0.22234953194856646 0.74410033226013195 0.21666666865348819 0.25000000745058065 0.74606505036354076 0.53116695309686812 0.27504152059555059 1.0454444885253908 0.0088625815697014349 0.087051838636398329
decision_type=2 8 10 10 10 8 10 2 2 2 2 8 2 2 2 2 10 2 2 2 10 10 2 2 2 2 10 2 10 10
left_child=1 18 -3 8 5 6 12 11 9 10 14 24 13 -5 -4 -2 27 20 -1 -20 -8 22 -10 -24 25 26 -7 28 -6 -17
right_child=15 2 3 4 16 7 17 -9 21 -11 -12 -13 -14 -15 -16 29 -18 -19 19 -21 -22 -23 23 -25 -26 -27 -28 -29 -30 -31
leaf_value=0.00032876115869370787 -0.0039515801335932204 -0.00089542112593381674 -0.0017164926985489004 0.0054972225703665833 -0.00085391079645678013 0.01001190483437705 -0.0044946691332069617 0.0010247160842001904 0.00022979094927929328 -0.00034230360212198901 -0.0005516987775145472 0.0071102267700406466 0.0047798458536556961 0.00029405722596974803 -0.0076900573588762266 0.00094092362967244578 0.00085813358584616918 0.0027359385862474194 0.004858793401591989 0.00098548026298660922 -0.00072315324118462417 0.00030757928998567246 -0.007353251515307766 -0.0011111385333481979 0.00056791277409117165 0.0014644118267503527 0.0042268887701422441 -0.0013000221644500392 0.0018268308349911049 -0.0022201074910146337
leaf_weight=2270 1990 7977 381 301 1153 203 380 1624 2126 16815 836 545 627 2066 460 527 3265 292 854 1738 1553 34086 268 1380 585 611 366 3552 975 1052
leaf_count=2270 1990 7977 381 301 1153 203 380 1624 2126 16815 836 545 627 2066 460 527 3265 292 854 1738 1553 34086 268 1380 585 611 366 3552 975 1052
internal_value=-3.40336e-06 0.000107107 3.13571e-05 0.00013134 0.000714759 0.00152449 0.00062933 0.00269887 -5.51533e-05 -0.000571501 -0.00283825 0.00385327 0.0017929 0.000978876 -0.00504848 -0.00271949 -0.000108288 -0.000914025 0.00138076 0.00228231 -0.00149237 0.000195735 -0.000800991 -0.0021604 0.00281581 0.00388647 0.00639245 -0.000672664 0.000351138 -0.00113352
internal_weight=90858 87289 82427 74450 18098 9153 5219 3934 56352 18492 1677 2310 2994 2367 841 3569 8945 2225 4862 2592 1933 37860 3774 1648 1765 1180 569 5680 2128 1579
internal_count=90858 87289 82427 74450 18098 9153 5219 3934 56352 18492 1677 2310 2994 2367 841 3569 8945 2225 4862 2592 1933 37860 3774 1648 1765 1180 569 5680 2128 1579
is_linear=0
shrinkage=0.05


end of trees

feature_importances:
high_52w_proximity=36
feature_IMIN60=27
feature_IMIN30=22
feature_IMIN20=20
feature_KLEN=19
feature_KLOW=14
feature_ROC60=14
feature_QTLU5=14
feature_VWAP0=13
feature_ROC30=13
feature_STD20=13
feature_LOW0=11
feature_RESI5=11
feature_STD60=10
feature_BETA60=10
feature_RESI10=10
feature_MIN60=10
feature_IMIN10=10
feature_CORR10=10
feature_CORR60=10
parkinson_vol_20=10
feature_RSQR60=9
feature_IMXD60=9
feature_WVMA60=9
feature_KMID=8
feature_KSFT2=8
feature_MIN5=8
feature_SUMD30=8
downside_volatility_60=8
feature_VSUMD60=7
feature_BETA5=6
feature_MAX10=6
feature_MAX30=6
feature_OPEN0=5
feature_HIGH0=5
feature_BETA20=5
feature_RSQR30=5
feature_SUMN10=5
feature_SUMN30=5
feature_WVMA30=5
feature_VSUMN60=5
feature_STD30=4
feature_BETA10=4
feature_MIN30=4
feature_QTLU60=4
feature_IMAX5=4
feature_IMAX30=4
feature_IMXD30=4
feature_CORR30=4
feature_CNTP60=4
feature_SUMD60=4
feature_KLOW2=3
feature_ROC20=3
feature_MA5=3
feature_RSQR10=3
feature_QTLD5=3
feature_IMXD10=3
feature_SUMP60=3
feature_KMID2=2
feature_KUP=2
feature_KSFT=2
feature_STD10=2
feature_BETA30=2
feature_RSQR5=2
feature_RESI30=2
feature_MAX5=2
feature_MAX60=2
feature_QTLU30=2
feature_QTLD10=2
feature_RANK20=2
feature_IMIN5=2
feature_CNTD60=2
feature_SUMP10=2
feature_SUMN20=2
feature_SUMN60=2
feature_SUMD10=2
feature_SUMD20=2
feature_VMA60=2
feature_ROC10=1
feature_MA60=1
feature_RSQR20=1
feature_RESI20=1
feature_MAX20=1
feature_MIN20=1
feature_QTLU10=1
feature_QTLU20=1
feature_RSV10=1
feature_RSV30=1
feature_IMAX60=1
feature_IMXD20=1
feature_CORD10=1
feature_CNTP20=1
feature_CNTN30=1
feature_CNTN60=1
feature_CNTD10=1
feature_CNTD20=1
feature_CNTD30=1
feature_SUMP30=1
feature_VMA20=1
feature_VSTD30=1
feature_VSTD60=1
feature_WVMA10=1
feature_VSUMP10=1
feature_VSUMP60=1
feature_VSUMN10=1
feature_VSUMD5=1
feature_VSUMD20=1
volatility_60=1

parameters:
[boosting: gbdt]
[objective: regression]
[metric: l2]
[tree_learner: serial]
[device_type: cpu]
[data_sample_strategy: bagging]
[data: ]
[valid: ]
[num_iterations: 400]
[learning_rate: 0.05]
[num_leaves: 31]
[num_threads: 20]
[seed: 42]
[deterministic: 0]
[force_col_wise: 0]
[force_row_wise: 0]
[histogram_pool_size: -1]
[max_depth: -1]
[min_data_in_leaf: 20]
[min_sum_hessian_in_leaf: 0.001]
[bagging_fraction: 0.8]
[pos_bagging_fraction: 1]
[neg_bagging_fraction: 1]
[bagging_freq: 1]
[bagging_seed: 400]
[bagging_by_query: 0]
[feature_fraction: 0.8]
[feature_fraction_bynode: 1]
[feature_fraction_seed: 30056]
[extra_trees: 0]
[extra_seed: 12879]
[early_stopping_round: 0]
[early_stopping_min_delta: 0]
[first_metric_only: 0]
[max_delta_step: 0]
[lambda_l1: 1]
[lambda_l2: 1]
[linear_lambda: 0]
[min_gain_to_split: 0]
[drop_rate: 0.1]
[max_drop: 50]
[skip_drop: 0.5]
[xgboost_dart_mode: 0]
[uniform_drop: 0]
[drop_seed: 17869]
[top_rate: 0.2]
[other_rate: 0.1]
[min_data_per_group: 100]
[max_cat_threshold: 32]
[cat_l2: 10]
[cat_smooth: 10]
[max_cat_to_onehot: 4]
[top_k: 20]
[monotone_constraints: ]
[monotone_constraints_method: basic]
[monotone_penalty: 0]
[feature_contri: ]
[forcedsplits_filename: ]
[refit_decay_rate: 0.9]
[cegb_tradeoff: 1]
[cegb_penalty_split: 0]
[cegb_penalty_feature_lazy: ]
[cegb_penalty_feature_coupled: ]
[path_smooth: 0]
[interaction_constraints: ]
[verbosity: -1]
[saved_feature_importance_type: 0]
[use_quantized_grad: 0]
[num_grad_quant_bins: 4]
[quant_train_renew_leaf: 0]
[stochastic_rounding: 1]
[linear_tree: 0]
[max_bin: 255]
[max_bin_by_feature: ]
[min_data_in_bin: 3]
[bin_construct_sample_cnt: 200000]
[data_random_seed: 175]
[is_enable_sparse: 1]
[enable_bundle: 1]
[use_missing: 1]
[zero_as_missing: 0]
[feature_pre_filter: 1]
[pre_partition: 0]
[two_round: 0]
[header: 0]
[label_column: ]
[weight_column: ]
[group_column: ]
[ignore_column: ]
[categorical_feature: ]
[forcedbins_filename: ]
[precise_float_parser: 0]
[parser_config_file: ]
[objective_seed: 16083]
[num_class: 1]
[is_unbalance: 0]
[scale_pos_weight: 1]
[sigmoid: 1]
[boost_from_average: 1]
[reg_sqrt: 0]
[alpha: 0.9]
[fair_c: 1]
[poisson_max_delta_step: 0.7]
[tweedie_variance_power: 1.5]
[lambdarank_truncation_level: 30]
[lambdarank_norm: 1]
[label_gain: ]
[lambdarank_position_bias_regularization: 0]
[eval_at: ]
[multi_error_top_k: 1]
[auc_mu_weights: ]
[num_machines: 1]
[local_listen_port: 12400]
[time_out: 120]
[machine_list_filename: ]
[machines: ]
[gpu_platform_id: -1]
[gpu_device_id: -1]
[gpu_device_id_list: ]
[gpu_use_dp: 0]
[num_gpu: 1]

end of parameters

pandas_categorical:[]
