tree
version=v4
num_class=1
num_tree_per_iteration=1
label_index=0
max_feature_idx=159
objective=regression
feature_names=feature_KMID feature_KLEN feature_KMID2 feature_KUP feature_KUP2 feature_KLOW feature_KLOW2 feature_KSFT feature_KSFT2 feature_OPEN0 feature_HIGH0 feature_LOW0 feature_VWAP0 feature_ROC5 feature_ROC10 feature_ROC20 feature_ROC30 feature_ROC60 feature_MA5 feature_MA10 feature_MA20 feature_MA30 feature_MA60 feature_STD5 feature_STD10 feature_STD20 feature_STD30 feature_STD60 feature_BETA5 feature_BETA10 feature_BETA20 feature_BETA30 feature_BETA60 feature_RSQR5 feature_RSQR10 feature_RSQR20 feature_RSQR30 feature_RSQR60 feature_RESI5 feature_RESI10 feature_RESI20 feature_RESI30 feature_RESI60 feature_MAX5 feature_MAX10 feature_MAX20 feature_MAX30 feature_MAX60 feature_MIN5 feature_MIN10 feature_MIN20 feature_MIN30 feature_MIN60 feature_QTLU5 feature_QTLU10 feature_QTLU20 feature_QTLU30 feature_QTLU60 feature_QTLD5 feature_QTLD10 feature_QTLD20 feature_QTLD30 feature_QTLD60 feature_RANK5 feature_RANK10 feature_RANK20 feature_RANK30 feature_RANK60 feature_RSV5 feature_RSV10 feature_RSV20 feature_RSV30 feature_RSV60 feature_IMAX5 feature_IMAX10 feature_IMAX20 feature_IMAX30 feature_IMAX60 feature_IMIN5 feature_IMIN10 feature_IMIN20 feature_IMIN30 feature_IMIN60 feature_IMXD5 feature_IMXD10 feature_IMXD20 feature_IMXD30 feature_IMXD60 feature_CORR5 feature_CORR10 feature_CORR20 feature_CORR30 feature_CORR60 feature_CORD5 feature_CORD10 feature_CORD20 feature_CORD30 feature_CORD60 feature_CNTP5 feature_CNTP10 feature_CNTP20 feature_CNTP30 feature_CNTP60 feature_CNTN5 feature_CNTN10 feature_CNTN20 feature_CNTN30 feature_CNTN60 feature_CNTD5 feature_CNTD10 feature_CNTD20 feature_CNTD30 feature_CNTD60 feature_SUMP5 feature_SUMP10 feature_SUMP20 feature_SUMP30 feature_SUMP60 feature_SUMN5 feature_SUMN10 feature_SUMN20 feature_SUMN30 feature_SUMN60 feature_SUMD5 feature_SUMD10 feature_SUMD20 feature_SUMD30 feature_SUMD60 feature_VMA5 feature_VMA10 feature_VMA20 feature_VMA30 feature_VMA60 feature_VSTD5 feature_VSTD10 feature_VSTD20 feature_VSTD30 feature_VSTD60 feature_WVMA5 feature_WVMA10 feature_WVMA20 feature_WVMA30 feature_WVMA60 feature_VSUMP5 feature_VSUMP10 feature_VSUMP20 feature_VSUMP30 feature_VSUMP60 feature_VSUMN5 feature_VSUMN10 feature_VSUMN20 feature_VSUMN30 feature_VSUMN60 feature_VSUMD5 feature_VSUMD10 feature_VSUMD20 feature_VSUMD30 feature_VSUMD60 announcement_count_20d shareholder_change_count_20d
feature_infos=[-0.18378382921218872:0.23204429447650909] [0:0.2587992250919342] [-1:1] [0:0.17515505850315094] [0:1] [0:0.1814553290605545] [0:1] [-0.21837836503982544:0.2587992250919342] [-1:1] [0.81165915727615356:1.2251656055450439] [1:1.2768211364746094] [0.78991591930389404:1] [0.86167383193969727:1.1553093194961548] [0.50938946008682251:1.8084112405776978] [0.38546353578567505:2.5034608840942383] [0.20094425976276398:3.1202185153961182] [0.18492695689201355:5.7117090225219727] [0.13746649026870728:7.1328182220458984] [0.73912703990936279:1.3500000238418579] [0.58375918865203857:1.6204214096069336] [0.48958152532577515:2.2400727272033691] [0.40701004862785339:2.491147518157959] [0.28582838177680969:3.7705175876617432] [0:0.31421336531639099] [0.00023446726845577359:0.44042909145355225] [0.0005574155948124826:0.84243810176849365] [0.0005574155948124826:1.5140218734741211] [0.0005574155948124826:2.5884873867034912] [-0.18953272700309753:0.11699225753545761] [-0.14318288862705231:0.091486923396587372] [-0.13684648275375366:0.091486923396587372] [-0.153787761926651:0.091486923396587372] [-0.13677342236042023:0.091486923396587372] [0:1] [0:1] [0:1] [2.2261162995574702e-15:1] [8.3690260277435868e-10:1] [-0.11662719398736954:0.098536819219589233] [-0.23734408617019653:0.19709315896034241] [-0.45356476306915283:0.34632593393325806] [-0.59292685985565186:0.92638540267944336] [-1.1882275342941284:1.6086900234222412] [1:1.7841874361038208] [1:2.2531874179840088] [1:3.1650238037109375] [1:5.7535200119018555] [1:9.3708133697509766] [0.50947773456573486:1] [0.34822705388069153:1] [0.19764620065689087:1] [0.18116329610347748:1] [0.079663857817649841:1] [0.86649966239929199:1.6521495580673218] [0.72217452526092529:2.0949892997741699] [0.58081799745559692:3.0763568878173828] [0.47937741875648499:3.5877678394317627] [0.33353924751281738:7.2022075653076172] [0.58712047338485718:1.184606671333313] [0.39663863182067871:1.3228549957275391] [0.22801922261714935:1.6053929328918457] [0.19504037499427795:1.7554135322570801] [0.12582564353942871:2.6131875514984131] [0.20000000298023224:1] [0.10000000149011612:1] [0.05000000074505806:1] [0.033333335071802139:1] [0.01666666753590107:1] [0:1] [0:1] [0:1] [0:1] [0:1] [0.20000000298023224:1] [0.10000000149011612:1] [0.05000000074505806:1] [0.033333335071802139:1] [0.01666666753590107:1] [0.20000000298023224:1] [0.10000000149011612:1] [0.05000000074505806:1] [0.033333335071802139:1] [0.01666666753590107:1] [-0.80000001192092896:0.80000001192092896] [-0.89999997615814209:0.89999997615814209] [-0.94999998807907104:0.94999998807907104] [-0.96666663885116577:0.96666663885116577] [-0.98333334922790527:0.98333334922790527] [-1:1] [-1:1] [-1:1] [-1:1] [-1:1] [-1:1] [-1:1] [-1:1] [-1:1] [-1:1] [0:1] [0:1] [0:0.94999998807907104] [0:0.86666667461395264] [0:0.76666665077209473] [0:1] [0:1] [0:0.94999998807907104] [0:0.86666667461395264] [0:0.83333331346511841] [-1:1] [-1:1] [-0.94999998807907104:0.89999997615814209] [-0.76666665077209473:0.76666665077209473] [-0.75:0.55000001192092896] [0:1] [0:1] [0:1] [0:1] [0:1] [0:1] [0:1] [0:1] [0:1] [0:1] [-1:1] [-1:1] [-1:1] [-1:1] [-1:1] [0.20471267402172089:235.782958984375] [0.10461504012346268:383.34182739257812] [0.075067855417728424:425.7928466796875] [0.056173093616962433:430.86871337890625] [0.033522188663482666:438.94296264648438] [0.00029457567143253982:408.0859375] [0.0027553131803870201:414.00186157226562] [0.0027553131803870201:307.87985229492188] [0.0027553131803870201:262.36935424804688] [0.0027553131803870201:275.11691284179688] [0:2.2360680103302002] [0.018472533673048019:3.0074613094329834] [0.068585917353630066:3.8974208831787109] [0.068585917353630066:4.5948772430419922] [0.068585917353630066:5.3810009956359863] [0:1] [0:1] [0:1] [0:1] [0:1] [0:1] [0:1] [0:1] [0:1] [0:1] [-1:1] [-1:1] [-1:1] [-1:1] [-1:1] [0.027347781217750257:1] [0.38775510204081631:1]
tree_sizes=3024 3054 3052 2969 2998 3068 3041 3000 3046 3058 3071 3082 3081 3062

Tree=0
num_leaves=31
num_cat=0
split_feature=1 57 48 100 82 121 9 82 8 73 144 44 157 71 82 102 17 2 80 37 114 53 105 27 0 80 158 119 158 159
split_gain=56.8039 9.64465 15.5173 9.06676 7.31878 7.28359 7.08243 6.43193 12.4588 5.98625 5.1511 4.19311 3.97783 3.97302 3.86384 3.58963 3.42927 3.33072 3.22329 2.89985 2.49134 2.44313 2.37505 2.07727 2.04264 2.00193 1.98653 1.93408 1.86887 3.56372
threshold=0.12535332143306735 1.2957590222358706 0.94281196594238292 0.47499999403953558 0.058333335444331176 0.2973166704177857 1.0663143396377566 0.025000001303851608 -0.77777883410453785 0.90000000596046459 0.51230028271675121 1.0983616113662722 0.052461091428995139 0.6754380762577058 0.075000002980232253 0.52500000596046459 0.74410033226013195 -0.41150230169296259 0.32500000298023229 0.81603989005088817 0.41916292905807501 1.1525650620460512 0.47499999403953558 0.11065398901700975 -0.018506219610571858 0.37500000000000006 0.48379501385041557 0.40782646834850317 0.46637442495187759 0.49793459528021256
decision_type=2 2 2 2 2 8 2 2 2 2 10 2 10 2 2 2 8 2 2 10 10 2 2 10 2 2 8 8 10 10
left_child=1 5 11 6 20 17 22 8 10 24 15 14 13 19 -3 -7 -10 -1 -13 26 -5 -6 -4 -18 -2 -17 28 -28 -9 -30
right_child=9 2 3 4 21 7 -8 12 16 -11 -12 18 -14 -15 -16 25 23 -19 -20 -21 -22 -23 -24 -25 -26 -27 27 -29 29 -31
leaf_value=0.0074095005890021763 -1.7814295836528996e-06 0.012605714846088589 -0.00053974056625591578 0.0076228151314232028 0.0051662676445322579 -0.0022166640032151774 0.010078458713238696 0.0013138410194200353 -0.00035743687480064299 -0.0010778355859661663 0.0013001770297768767 -0.002621787686148523 0.00080162430421806168 0.0027901745935605283 0.0025940479724657025 -0.0096192121561765771 0.0014992576570392983 0.0032940344970543828 0.0011916475119987035 0.0033734926391568816 0.017457343147027619 0.010732061750008473 0.0036075176718219802 0.003896376688793337 -0.0069163501527213173 -0.0022021231500706931 0.0024735300536104753 0.0014077743460152487 0.0026658951372110773 0.0077850101836635611
leaf_weight=596 133 122 378 113 941 580 416 2023 2267 708 436 775 7298 13507 512 460 5298 3256 2086 2776 259 274 3081 1086 2003 144 4926 30185 3674 380
leaf_count=596 133 122 378 113 941 580 416 2023 2267 708 436 775 7298 13507 512 460 5298 3256 2086 2776 259 274 3081 1086 2003 144 4926 30185 3674 380
internal_value=0.00177695 0.00200158 0.00355638 0.00522269 0.00841968 0.0018244 0.0038991 0.00171618 0.000553445 -0.00517694 -0.00347247 0.000966335 0.00189981 0.00204015 0.00461331 -0.00518586 0.00131365 0.00394507 0.000139993 0.00180857 0.0146276 0.00646887 0.00313931 0.00189947 -0.00651025 -0.00794308 0.00170428 0.00155874 0.00253683 0.00315942
internal_weight=90693 87849 8957 5462 1587 78892 3875 75040 10271 2844 1620 3495 64769 57471 634 1184 8651 3852 2861 43964 372 1215 3459 6384 2136 604 41188 35111 6077 4054
internal_count=90693 87849 8957 5462 1587 78892 3875 75040 10271 2844 1620 3495 64769 57471 634 1184 8651 3852 2861 43964 372 1215 3459 6384 2136 604 41188 35111 6077 4054
is_linear=0
shrinkage=1


Tree=1
num_leaves=31
num_cat=0
split_feature=1 57 39 82 0 81 81 82 59 89 139 25 86 17 38 79 10 85 53 159 117 24 46 7 53 158 158 124 44 16
split_gain=53.9333 8.49139 13.7677 8.4462 9.17607 7.70468 14.3847 20.0926 6.54896 5.68017 4.40103 4.25939 4.05548 3.72841 3.69497 3.62523 3.41189 3.32811 3.03471 3.15648 2.99967 2.92141 2.86263 2.38316 2.30937 2.11353 2.40881 2.2282 1.95165 1.91496
threshold=0.13043481856584552 1.257884204387665 -0.004298826213926076 0.058333335444331176 -0.062028249725699418 0.21666666865348819 0.25000000745058065 0.025000001303851608 1.0096209645271303 0.4865062683820725 0.84619471430778515 0.088821507990360274 -0.45000000298023218 0.78965985774993908 0.0022422784240916376 0.45000000298023229 1.0187500119209292 -0.22500000149011609 1.0857774019241335 0.49705636350588583 0.50621095299720775 0.042328258976340301 1.0806029438972475 -0.010590056423097847 1.1601572632789614 0.48379501385041557 0.48683793034209871 -0.097235042601823793 1.0457538962364199 1.4567780494689944
decision_type=2 2 8 2 2 2 2 2 2 8 8 10 2 10 10 2 2 2 2 10 10 8 2 2 2 8 8 8 2 10
left_child=1 5 3 8 24 9 7 16 20 15 -2 29 -4 14 28 18 -7 -13 19 23 -3 -14 -11 -1 -5 -15 -27 -28 -8 -6
right_child=10 2 12 4 11 6 13 -9 -10 22 -12 17 21 25 -16 -17 -18 -19 -20 -21 -22 -23 -24 -25 -26 26 27 -29 -30 -31
leaf_value=0.0041623686061434198 -0.0088565045126208306 0.013774107504424394 0.00095164445470856483 0.0022796600839608073 0.0020726052552478206 -0.0047065115665357073 -5.0924382505501681e-05 -0.0013521678923965443 0.0034978756575168393 0.00071880755401829339 -0.0043746503449975695 0.0014516400294525332 0.001502850960156429 0.00096068235473160751 3.986059075254e-05 0.00056085727252481446 -0.012626451114675991 -0.0038703837706830857 -0.0028603938102300473 -0.00034497036472433103 0.0001025224216627302 -0.002629650897633604 -0.00059345726276192065 0.0020105629891430019 0.0097733611323474381 -0.0019687478935187241 -0.00046455814849246182 0.00042778822672275073 -0.0028982320740102863 0.0064296155526197612
leaf_weight=2025 1588 389 3672 156 1911 210 804 2406 455 7282 928 617 537 5335 3034 8073 577 546 285 928 53 1871 9669 4022 476 1662 13728 14258 2912 309
leaf_count=2025 1588 389 3672 156 1911 210 804 2406 455 7282 928 617 537 5335 3034 8073 577 546 285 928 53 1871 9669 4022 476 1662 13728 14258 2912 309
internal_value=-8.31398e-06 0.000197077 0.00149727 0.00346596 0.00246659 1.13105e-05 -0.00041143 -0.00364616 0.0078758 0.000601134 -0.00722568 0.00141431 -8.53121e-05 -0.000162661 -0.00123872 0.0012985 -0.0105852 -0.00100514 0.00211168 0.00232239 0.0122516 -0.00168708 -2.67612e-05 0.00273999 0.00800916 4.35653e-05 -0.000119806 -8.14973e-06 -0.00229581 0.00270419
internal_weight=90718 88202 10992 4912 4015 77210 44926 3193 897 32284 2516 3383 6080 41733 6750 15333 787 1163 7260 6975 442 2408 16951 6047 632 34983 29648 27986 3716 2220
internal_count=90718 88202 10992 4912 4015 77210 44926 3193 897 32284 2516 3383 6080 41733 6750 15333 787 1163 7260 6975 442 2408 16951 6047 632 34983 29648 27986 3716 2220
is_linear=0
shrinkage=0.05


Tree=2
num_leaves=31
num_cat=0
split_feature=1 9 53 79 16 100 5 81 11 82 12 55 159 89 81 82 159 82 141 26 50 80 36 117 79 126 157 117 16 142
split_gain=47.1218 7.80444 9.25927 7.69566 20.6731 7.16589 6.27934 5.81926 5.06511 4.64621 7.34736 5.99071 4.14476 4.31588 3.87652 5.98387 3.49096 3.4884 3.28671 3.06189 3.02068 3.07764 2.69142 2.46542 2.22389 2.06752 2.29773 1.97905 1.96031 1.94706
threshold=0.12111108377575876 1.0710268616676333 1.1601572632789614 0.45000000298023229 1.3891803026199343 0.42499999701976782 0.032942539080977447 0.21666666865348819 0.8845697045326234 0.025000001303851608 1.0077636837959292 1.082800090312958 0.49705636350588583 0.52778735756874096 0.25000000745058065 0.025000001303851608 0.49510214482527232 0.99166667461395275 0.82973870635032665 0.069126386195421233 0.67301401495933544 0.52500000596046459 0.5634579360485078 0.5332573950290681 0.15000000223517421 0.40815353393554693 -0.020905509591102597 0.63286173343658458 1.3363880515098574 1.375275254249573
decision_type=2 2 2 2 10 2 2 2 2 2 2 2 10 8 2 2 10 2 10 10 2 2 10 8 2 10 10 8 10 10
left_child=1 3 -3 4 6 -6 7 12 29 10 -5 16 13 19 15 -9 22 18 -11 -1 -7 -22 -12 -8 -21 26 28 -10 -20 -2
right_child=8 2 -4 9 5 20 23 14 27 17 11 -13 -14 -15 -16 -17 -18 -19 25 24 21 -23 -24 -25 -26 -27 -28 -29 -30 -31
leaf_value=0.0016450563989885863 -0.00836406000458053 0.00071579608187191971 0.0087383185888701715 -0.00048086386974398809 0.0010182174266612327 -0.0036276642457340603 0.0014271841802342916 -0.009075987255751072 -0.002305463842648185 -0.00190274404117169 -0.01015083311664954 -0.0012928453178300894 -0.00065086652199448296 0.00078299274196397609 0.00030315331965238227 -0.00073490523787042095 0.00030824475915771043 0.0016795865978174469 0.00025888345130875258 0.0024285598605285601 0.013570323968065484 0.00056423381688849384 -0.0021623022800360786 -0.0032146906039288688 0.0052533598117783043 0.0028905289338443979 -0.00038690542343072684 -0.0062436985001307899 0.0026597816286980454 -0.0029049455867482163
leaf_weight=3470 1554 991 578 4733 241 26 337 274 997 2599 583 854 1994 5762 17760 1066 117 2679 11649 1484 502 59 150 1487 1502 581 25220 523 925 217
leaf_count=3470 1554 991 578 4733 241 26 337 274 997 2599 583 854 1994 5762 17760 1066 117 2679 11649 1484 502 59 150 1487 1502 581 25220 523 925 217
internal_value=-8.22364e-06 0.000211863 0.00370672 0.000147519 0.000705894 0.0085141 0.00052023 0.000677825 -0.00588151 -0.000252396 -0.00150668 -0.00432469 0.00144418 0.00179021 0.00010493 -0.00248325 -0.00730696 -6.62653e-05 -0.000181673 0.00268115 0.0114996 0.0122949 -0.00858937 -0.00232935 0.0038675 -6.37613e-05 -0.000110575 -0.00369661 0.000439678 -0.00772539
internal_weight=90914 87623 1569 86054 35964 828 35136 33312 3291 50090 6437 1704 14212 12218 19100 1340 850 43653 40974 6456 587 561 733 1824 2986 38375 37794 1520 12574 1771
internal_count=90914 87623 1569 86054 35964 828 35136 33312 3291 50090 6437 1704 14212 12218 19100 1340 850 43653 40974 6456 587 561 733 1824 2986 38375 37794 1520 12574 1771
is_linear=0
shrinkage=0.05


Tree=3
num_leaves=31
num_cat=0
split_feature=1 0 53 79 16 5 100 82 8 36 56 52 87 38 32 79 141 18 12 159 147 38 80 30 126 112 44 12 92 53
split_gain=45.7488 7.63626 8.5041 6.70788 17.5723 7.71861 6.59146 5.75121 7.47213 4.80116 4.0703 3.56376 3.56328 3.29473 3.19526 5.0958 3.08509 2.86376 2.79091 2.5729 2.39615 2.32467 2.31719 2.26536 2.13247 1.94694 1.91096 1.59626 1.58445 1.5521
threshold=0.13785236328840259 -0.071069378405809389 1.1601572632789614 0.45000000298023229 1.3891803026199343 0.03923341631889344 0.42499999701976782 0.025000001303851608 -0.78571581840515126 0.8346342444419862 1.155694901943207 0.67571452260017406 -0.40833333134651179 -0.0048547792248427859 0.0059365411289036283 0.15000000223517421 0.82973870635032665 1.0630011558532717 0.99827283620834362 0.49551972970606645 0.52998143434524547 0.0114088854752481 0.52500000596046459 0.009801395237445833 0.38213986158370977 0.14166667312383655 1.1220558881759646 1.0064240097999575 0.38746492564678198 1.0735715031623843
decision_type=2 2 2 2 10 2 2 2 2 10 2 2 2 10 10 2 10 2 2 10 10 10 2 8 10 2 2 2 10 2
left_child=1 2 -1 4 5 9 -6 8 10 13 19 -8 17 26 -15 -16 -14 -9 -17 29 -2 28 -13 -7 -18 -10 -3 -27 -20 -5
right_child=20 3 -4 7 6 23 11 12 25 -11 -12 22 16 14 15 18 24 -19 21 -21 -22 -23 -24 -25 -26 27 -28 -29 -30 -31
leaf_value=0.00049137011294859794 -0.0085111468757071863 -3.3486432006600378e-05 0.0087115043164553794 -0.0094031379549155882 0.00052676253016136008 -0.00038978298430845563 -0.0026160983479626126 0.00050858536853272212 -0.00042158945075169459 0.0022965974748525172 -0.00012282710374689266 0.012725061789665017 -0.0021052201120864648 0.0005670283242383931 3.548647232887134e-05 0.0018216578363425117 -0.00025493502325218845 0.003961804228978562 0 0 -0.0047807955702399299 0.013061111538532982 0.00076946223477451987 -0.0045631611204095352 0.0023952697928230808 -0.0017040535283055084 -0.0019151325757354545 -0.0063638515104670603 0.0072608098363165152 0
leaf_weight=772 1391 8085 547 589 238 540 41 10640 4388 3772 263 503 2257 18888 862 345 29913 642 91 95 746 161 54 938 775 933 1633 248 274 44
leaf_count=772 1391 8085 547 589 238 540 41 10640 4388 3772 263 503 2257 18888 862 345 29913 642 91 95 746 161 54 938 775 933 1633 248 274 44
internal_value=-7.35879e-06 0.000166624 0.00394222 0.000108904 0.000627086 0.000457164 0.00779184 -0.000261763 -0.00164346 0.000611696 -0.00565141 0.0105941 -5.5659e-05 0.000400498 0.000758956 0.00282041 -0.00031934 0.000709855 0.00551602 -0.00757719 -0.00723516 0.0078362 0.0116591 -0.00307348 -0.000186301 -0.000920384 -0.000354985 -0.00272943 0.00536552 -0.00872711
internal_weight=90668 88531 1319 87212 36425 35589 836 50787 6560 34111 991 598 44227 30339 20621 1733 32945 11282 871 728 2137 526 557 1478 30688 5569 9718 1181 365 633
internal_count=90668 88531 1319 87212 36425 35589 836 50787 6560 34111 991 598 44227 30339 20621 1733 32945 11282 871 728 2137 526 557 1478 30688 5569 9718 1181 365 633
is_linear=0
shrinkage=0.05


Tree=4
num_leaves=31
num_cat=0
split_feature=1 0 53 121 38 27 29 11 73 82 8 80 80 82 25 23 107 2 47 42 82 53 0 102 24 159 80 159 80 142
split_gain=37.084 7.24785 6.35045 6.21769 4.73376 5.25562 11.1492 5.93159 4.73048 4.48359 7.6336 4.32293 5.02965 3.79819 3.32753 3.10186 2.90486 2.79351 2.53327 2.43016 2.42428 2.85825 2.14682 2.00329 1.83941 1.82604 1.77811 2.11593 1.7002 1.66408
threshold=0.12111108377575876 -0.071069378405809389 1.1601572632789614 0.31790092587471014 0.0046865001786500224 0.14252419769763949 -0.0071699263062328092 0.97269627451896679 0.90000000596046459 0.025000001303851608 -0.80000177025794972 0.37500000000000006 0.12500000372529033 0.15833333879709247 0.088821507990360274 0.035838957875967033 0.42499999701976782 -0.56862863898277272 1.534832298755646 0.14866914600133899 0.058333335444331176 1.110868573188782 -0.018907304853200909 0.55833333730697643 0.11770059168338777 0.66302152260221503 0.37500000000000006 0.49510214482527232 0.27500000596046453 0.95675751566886913
decision_type=2 2 2 8 10 10 10 2 2 2 2 2 2 2 10 8 2 2 2 10 2 2 2 2 10 8 2 10 2 10
left_child=1 2 -1 15 9 -6 24 29 22 10 11 12 -5 25 18 17 -16 -3 -11 23 -20 -22 -2 -12 -7 -9 27 28 -25 -8
right_child=8 3 -4 4 5 6 7 13 -10 14 19 -13 -14 -15 16 -17 -18 -19 20 -21 21 -23 -24 26 -26 -27 -28 -29 -30 -31
leaf_value=0.00091073673348675299 -0.0009615025402141367 0.0069791309636677706 0.0082659562487754946 -0.002214846574410794 0.00021241327039306455 0.00053342060312000148 0.0053558806305227342 0 -0.0019803342103721167 -6.7563011058799039e-06 -0.00020807089310337373 -0.00081492318510375606 -0.009984496779063606 0.004083225460637099 -0.0033599326767590715 0.00027355633512271446 -0.00057552958989567557 0.0022139348912653439 0.0080376674185972663 0.0062870397753525351 0.00042110426435163211 0.0061681800661923213 -0.0068907871509531968 -0.0034680663633180221 -0.0027132368620835386 0.01110788587571661 0 0.0012426977746050668 -0.0097186861651690302 0.0010969704366713818
leaf_weight=726 186 358 513 376 24494 2813 319 45 844 36875 3923 479 529 531 1263 2133 3876 2941 149 123 1474 258 2164 411 515 504 446 134 175 984
leaf_count=726 186 358 513 376 24494 2813 319 45 844 36875 3923 479 529 531 1263 2133 3876 2941 149 123 1474 258 2164 411 515 504 446 134 175 984
internal_value=9.63662e-06 0.000203672 0.00400065 0.000148424 3.75599e-05 0.000533215 0.00190008 0.00451016 -0.00528067 -0.000257968 -0.00147374 -0.0047783 -0.00681764 0.00726903 -7.41091e-05 0.00178588 -0.00127009 0.00274815 8.32157e-05 -0.0005859 0.00187266 0.00130911 -0.00644337 -0.000763043 1.53245e-05 0.0102465 -0.00258562 -0.00412145 -0.00543327 0.00218129
internal_weight=90561 87367 1239 86128 80696 30205 5711 2383 3194 50491 6596 1384 905 1080 43895 5432 5139 3299 38756 5212 1881 1732 2350 5089 3328 549 1166 720 586 1303
internal_count=90561 87367 1239 86128 80696 30205 5711 2383 3194 50491 6596 1384 905 1080 43895 5432 5139 3299 38756 5212 1881 1732 2350 5089 3328 549 1166 720 586 1303
is_linear=0
shrinkage=0.05


Tree=5
num_leaves=31
num_cat=0
split_feature=1 32 39 81 81 82 82 9 59 139 71 12 17 38 158 157 111 141 158 10 158 114 38 38 82 17 37 39 82 82
split_gain=35.2061 6.21404 8.92307 6.32555 12.3523 15.7425 5.07565 6.54426 5.74136 4.10443 3.88719 4.27602 3.13748 2.90148 2.87198 2.80135 2.53144 2.30479 2.13918 2.11197 2.10297 2.14416 1.98131 1.91774 1.83969 1.76661 1.7415 2.60619 1.90901 2.69256
threshold=0.12535332143306735 -0.0052938591688871375 -0.004298826213926076 0.21666666865348819 0.25000000745058065 0.025000001303851608 0.058333335444331176 1.0622354149818423 0.99984350800514232 0.84619471430778515 0.6754380762577058 1.0014942288398745 0.78965985774993908 0.0092307585291564482 0.9649143842551442 -0.0066856048069894305 0.21666666865348819 1.0083246231079104 0.48379501385041557 1.0196079611778261 0.48683793034209871 0.54430383443832409 0.0094047561287879961 -0.02832723222672939 0.10833333432674409 0.57327190041542064 0.80142885446548473 -0.077683087438344942 0.10833333432674409 0.19166667014360431
decision_type=2 8 10 2 2 2 2 2 2 8 2 2 10 10 8 10 2 10 8 2 8 8 8 10 2 8 10 10 2 2
left_child=1 2 6 10 5 19 8 15 17 -2 26 -12 13 25 -13 -8 -16 -1 -14 -5 -20 -22 -4 -18 -11 -6 -3 -28 -29 -30
right_child=9 3 22 4 12 -7 7 -9 -10 24 11 14 18 -15 16 -17 23 -19 20 -21 21 -23 -24 -25 -26 -27 27 28 29 -31
leaf_value=0.013559878960199888 -0.0069917997437669039 -9.6607642684073337e-05 -0.00063581823474803429 -0.0051505658158566801 -0.0047670882012959019 -0.0013299698481589704 0.002466788941955342 0.0071272779062650548 0.0023518653533300231 -0.0053037039865872215 0.00055897755242599633 -0.00021960783747499701 0.0009658467932486905 0.00042598904358271393 0.0019519426557456886 -0.00088657441060988507 -0.0012273239092224749 0.0040559194168311502 -0.0017935646104110241 -0.011423440702029976 -0.00028539268088333152 0.00063171454607955301 0.0013053583794521502 0.0051219405935201178 -0.0010342261603866268 -0.0014518656680826147 -0.0048842689604876414 0.00046256656226073323 0.0055381208260241064 0.00013618581493256995
leaf_weight=286 1751 15548 3471 229 463 2379 1655 577 386 482 8893 821 5637 2106 2486 970 116 105 1715 534 19959 9360 2108 1403 606 4252 153 1312 600 406
leaf_count=286 1751 15548 3471 229 463 2379 1655 577 386 482 8893 821 5637 2106 2486 970 116 105 1715 534 19959 9360 2108 1403 606 4252 153 1312 600 406
internal_value=7.11561e-06 0.000184633 0.00138832 3.71818e-05 -0.00033271 -0.00336032 0.00319736 0.00229276 0.00685319 -0.00547151 0.000582248 0.0012167 -0.000112764 -0.00109779 0.00241798 0.00120874 0.00297107 0.0111521 6.91189e-05 -0.00961541 -9.21771e-05 5.6972e-06 8.87885e-05 0.00460369 -0.00297471 -0.00178896 9.6385e-05 0.00133051 0.0017642 0.00340997
internal_weight=90769 87930 9558 78372 46634 3142 3979 3202 777 2839 31738 13719 43492 6821 4826 2625 4005 391 36671 763 31034 29319 5579 1519 1088 4715 18019 2471 2318 1006
internal_count=90769 87930 9558 78372 46634 3142 3979 3202 777 2839 31738 13719 43492 6821 4826 2625 4005 391 36671 763 31034 29319 5579 1519 1088 4715 18019 2471 2318 1006
is_linear=0
shrinkage=0.05


Tree=6
num_leaves=31
num_cat=0
split_feature=11 89 32 39 81 82 59 17 81 18 11 92 17 92 9 40 119 15 41 81 25 25 112 5 5 158 12 147 81 55
split_gain=31.8904 6.80988 5.43576 7.73972 5.21804 4.24757 4.18872 4.07853 3.44947 2.99036 2.85475 3.30373 2.84838 2.75358 2.62612 2.39662 2.36203 2.34766 2.30674 2.14425 2.11723 2.02509 2.16765 1.81884 1.75321 1.73079 1.72607 1.72031 1.6765 1.39861
threshold=0.89296352863311779 0.46914921700954443 -0.0052938591688871375 -0.0040240830276161424 0.21666666865348819 0.058333335444331176 1.0078687071800234 0.78707411885261547 0.18333333730697635 1.1348635554313662 0.99418997764587413 0.43262344598770147 0.74744912981987011 0.23421563208103183 1.0767771601676943 -0.0011223581968806682 0.42669923603534704 0.9562574326992036 -0.061789903789758675 0.58333334326744091 0.11707364022731782 0.091671675443649306 -0.041666667908430093 0.021340372040867809 0.044628545641899116 0.4821301129901126 1.0023646950721743 0.52673578262329113 0.48333333432674414 0.8579729199409486
decision_type=2 8 10 10 2 2 2 8 2 2 2 10 8 10 2 10 8 10 8 2 10 10 2 2 2 10 2 10 2 2
left_child=18 2 3 5 17 6 -2 8 23 16 28 19 13 15 21 -6 27 20 -1 -12 25 22 -7 -3 -20 26 -4 -9 -10 -15
right_child=1 7 4 -5 12 14 -8 9 10 -11 11 -13 -14 29 -16 -17 -18 -19 24 -21 -22 -23 -24 -25 -26 -27 -28 -29 -30 -31
leaf_value=-0.0075267949388352524 0.011846848903205795 0.00032095414748173747 0.0015078862513239249 0.00048199556120800377 -0.0072360688178525522 0.0013314743321739425 0.0018094784981435991 0.00078605970733014734 -0.0024145775216235167 0.0056278031993044512 -0.011010045546117909 -0.0020526086762897287 7.2603126438902936e-05 0.0081527947242436716 0.0077512466460980881 -0.00081262078366468339 -0.00039842106600877038 0.00037891446791667242 -0.0016249153666176262 0 -0.0010950684012138432 -0.001073043530552587 0.0058098956256267351 -0.0018257269938095893 -0.0062650970918233673 -0.00014592462160891337 0.0031900798685716367 -0.00055214502892895426 -0.00016248119290345224 -0.00091703611147406206
leaf_weight=1228 321 3429 4168 3331 369 692 173 9619 2467 229 255 425 21302 42 266 271 22587 6500 445 60 621 335 488 1372 444 877 2603 3155 1317 1422
leaf_count=1228 321 3429 4168 3331 369 692 173 9619 2467 229 255 425 21302 42 266 271 22587 6500 445 60 621 335 488 1372 444 877 2603 3155 1317 1422
internal_value=-9.37158e-06 0.000134864 0.000578997 0.00203466 0.000363876 0.00428485 0.0084435 -0.000296946 -0.00122794 -5.15809e-05 -0.0022201 -0.00509127 -9.85212e-05 -0.00185404 0.00309921 -0.00459965 -8.9933e-05 0.00110003 -0.00607323 -0.00901335 0.00166071 0.00224486 0.00322926 -0.000282351 -0.00400301 0.00189113 0.00216234 0.000451611 -0.00164421 -0.000617319
internal_weight=90813 88696 43781 5606 38175 2275 494 44915 9325 35590 4524 740 23406 2104 1781 640 35361 14769 2117 315 8269 1515 1180 4801 889 7648 6771 12774 3784 1464
internal_count=90813 88696 43781 5606 38175 2275 494 44915 9325 35590 4524 740 23406 2104 1781 640 35361 14769 2117 315 8269 1515 1180 4801 889 7648 6771 12774 3784 1464
is_linear=0
shrinkage=0.05


Tree=7
num_leaves=31
num_cat=0
split_feature=1 89 32 48 81 41 58 17 81 81 8 36 142 92 26 114 53 84 15 1 46 5 17 82 0 46 158 55 128 157
split_gain=29.4682 6.01803 4.63674 5.12327 4.64164 3.46672 3.64513 3.11541 3.87357 3.09851 4.45805 3.08548 2.51068 2.27997 2.13474 2.02954 2.15985 1.95258 1.91939 1.99521 1.78358 1.82517 1.75559 2.20651 1.70559 1.69061 1.58625 1.51834 1.66571 1.50359
threshold=0.13785236328840259 0.45141318440437322 -0.0054802712984383098 0.92980691790580761 0.18333333730697635 0.08284738659858705 1.0396189093589785 0.78395977616310131 0.18333333730697635 0.31666667759418493 -0.72414091229438771 0.71059495210647594 1.4303398728370669 0.61381354928016674 0.17536830157041552 0.71746617555618297 1.1905371546745303 0.45000000298023229 0.9339101016521455 0.11719667166471483 1.1125057339668276 0.01937241014093161 0.65963563323020946 0.10833333432674409 -0.055651877075433724 1.4213025569915774 0.4821301129901126 1.2770664095878603 1.0829733014106753 -0.013689250219613312
decision_type=2 8 10 2 2 10 2 10 2 2 2 10 10 10 10 8 2 2 10 2 2 2 8 2 2 2 10 2 2 10
left_child=1 2 3 17 18 6 -5 8 20 10 13 25 -2 -10 -8 16 -9 -1 19 26 21 -3 23 -6 -18 -7 -4 -22 -29 -24
right_child=12 7 4 5 22 11 14 15 9 -11 -12 -13 -14 -15 -16 -17 24 -19 -20 -21 27 -23 29 -25 -26 -27 -28 28 -30 -31
leaf_value=-0.00081582555093621771 -0.0065974818555324362 0.0015151953503398227 0.0022390592006272651 0.0016827441337023408 -0.0037536343796806186 0 0.0074149362973265067 -0.00019908143956842841 -0.011349707288923767 -0.0010313896521000902 -0.0023661237766187506 0.0011980264374768822 -0.0018247681898894174 -0.0019658765268239357 -0.0023187243882732997 0.00099940170083454428 0.0070894945689917235 0.0053125618380273146 0.00054300880090575804 -0.0029311615906451923 -0.0012127021521506889 -0.0010881834454883543 0.00054939513963177765 0.00070111503078163981 -8.2425973687350051e-05 0.012413746874615854 -0.00026502518878399674 0.013202292431072384 0 -0.0002710550880950822
leaf_weight=1544 1764 2221 5360 2639 681 35 471 30176 248 3460 1542 143 364 107 55 4350 182 140 6633 208 2849 943 9480 441 127 221 677 37 65 13528
leaf_count=1544 1764 2221 5360 2639 681 35 471 30176 248 3460 1542 143 364 107 55 4350 182 140 6633 208 2849 943 9480 441 127 221 677 37 65 13528
internal_value=6.6087e-06 0.000146899 0.000578715 0.00197171 0.000379779 0.00304654 0.00246761 -0.000246066 -0.000960722 -0.0019427 -0.00357709 0.00749615 -0.00580582 -0.00867526 0.00629981 -9.25642e-06 -0.000154853 -0.000273816 0.00114633 0.00177895 -9.2119e-05 0.000723387 -2.72834e-05 -0.00195911 0.00398976 0.0108013 0.00194997 -0.000983374 0.00488623 6.48316e-05
internal_weight=90691 88563 42256 5248 37008 3564 3165 46307 11472 5357 1897 399 2128 355 526 34835 30485 1684 12878 6245 6115 3164 24130 1122 309 256 6037 2951 102 23008
internal_count=90691 88563 42256 5248 37008 3564 3165 46307 11472 5357 1897 399 2128 355 526 34835 30485 1684 12878 6245 6115 3164 24130 1122 309 256 6037 2951 102 23008
is_linear=0
shrinkage=0.05


Tree=8
num_leaves=31
num_cat=0
split_feature=1 89 27 25 16 29 73 126 82 8 57 144 159 30 157 36 0 92 14 53 1 58 2 46 8 81 81 82 102 65
split_gain=27.2473 5.61847 4.99995 5.28553 7.87595 5.8966 3.46491 2.963 2.7565 3.99325 3.56022 2.7649 2.57081 2.65387 2.36456 1.97034 2.03622 1.94761 1.77942 1.76539 1.72653 1.66348 1.5429 1.53226 1.48012 1.39471 3.25886 4.85183 1.33986 1.30203
threshold=0.12535332143306735 0.46493268013000494 0.12017774209380151 0.088821507990360274 1.4567780494689944 -0.0051943899597972623 0.90000000596046459 0.35915823280811315 0.025000001303851608 -0.67999178171157826 1.175930976867676 0.49746169149875646 0.49705636350588583 -0.0010400227620266376 0.013692973647266628 0.66150888800621044 -0.071069378405809389 -0.08857350796461104 0.95995250344276439 1.1601572632789614 0.089302793145179762 1.0507264137268069 -0.47619079053401941 1.1030309200286867 -0.61904653906822193 0.21666666865348819 0.25000000745058065 0.025000001303851608 0.55833333730697643 0.051315790042281158
decision_type=2 8 10 10 10 10 2 10 2 2 2 10 10 10 10 10 2 10 8 2 2 2 2 2 2 2 2 2 2 2
left_child=1 2 7 4 12 -6 -2 25 9 10 11 -3 13 -4 18 16 21 -15 -10 -20 -17 -5 -21 -16 -9 -1 27 -27 -11 -25
right_child=6 8 3 15 5 -7 -8 24 14 28 -12 -13 -14 17 23 20 -18 -19 19 22 -22 -23 -24 29 -26 26 -28 -29 -30 -31
leaf_value=0.00062793899331044939 -0.0058039754054932044 -0.0067397262802151824 0.00095288686204299104 0 0.00058001778682056134 0.011318210444841327 -0.0016206000303329825 0.0055704528785603556 0.0011153859570085958 -2.0936403440278459e-05 0.0018541285394566274 -0.0011225064070242332 -0.00040607682008862299 -2.4776520058613647e-05 -8.747913561664623e-05 0.0018808740403091512 -0.0014038455184934061 0.0037253281971523691 -2.7954814120707742e-05 0.0059092665712668635 -0.0011742676617222348 0.0077976994239107034 -0.001585014436654199 0.0014581009371981415 0.0015457028512065982 -0.0086862250107542591 4.1832340940049957e-05 -0.0007799528964764638 -0.0019960953486488193 -0.0012621841569243988
leaf_weight=9484 2142 705 2288 161 202 403 692 286 4891 3510 225 352 1045 368 9096 1961 2055 2643 17545 230 583 112 84 454 1552 264 18638 792 1159 6542
leaf_count=9484 2142 705 2288 161 202 403 692 286 4891 3510 225 352 1045 368 9096 1961 2055 2643 17545 230 583 112 84 454 1552 264 18638 792 1159 6542
internal_value=2.26845e-05 0.00017931 0.000589013 0.00146486 0.00235069 0.00782228 -0.00480106 0.000253556 -0.00021139 -0.00121378 -0.00369093 -0.00491918 0.00181986 0.00226826 -5.64978e-05 0.000190898 -0.000847683 0.00325054 0.000270155 3.58241e-05 0.0011609 0.00314617 0.00374703 -0.000521396 0.00220185 0.000129044 -0.000108689 -0.00281017 -0.000522265 -0.00107832
internal_weight=90464 87630 42837 11821 6949 605 2834 31016 44793 5951 1282 1057 6344 5299 38842 4872 2328 3011 22750 17859 2544 273 314 16092 1838 29178 19694 1056 4669 6996
internal_count=90464 87630 42837 11821 6949 605 2834 31016 44793 5951 1282 1057 6344 5299 38842 4872 2328 3011 22750 17859 2544 273 314 16092 1838 29178 19694 1056 4669 6996
is_linear=0
shrinkage=0.05


Tree=9
num_leaves=31
num_cat=0
split_feature=1 89 79 16 25 53 5 32 81 32 53 81 26 92 12 36 74 81 158 52 14 34 30 8 79 158 50 114 53 85
split_gain=24.7576 5.24964 4.04865 10.987 4.59742 4.06039 3.84464 3.76369 3.11901 2.87857 2.99296 2.8917 2.87555 2.27698 3.91563 2.27425 2.18675 2.06065 1.89797 2.07623 1.74827 1.84239 1.92925 1.7038 1.64472 1.60115 1.69725 1.68777 1.40559 1.29948
threshold=0.13785236328840259 0.49869064986705786 0.45000000298023229 1.3521531224250796 0.10375531762838365 1.0751398801803591 0.046875042840838439 -0.0029109631432220335 0.18333333730697635 0.0018517357530072334 1.204750716686249 0.18333333730697635 0.12738338112831118 0.45575453341007238 1.0104984641075136 0.68075138330459606 0.94999998807907116 0.31666667759418493 0.96451986249506272 0.74406939744949352 1.00004518032074 0.86473336815834057 0.0015612064744345846 0.41666953265666967 0.15000000223517421 0.48379501385041557 0.7130701243877412 0.36808356642723089 1.1398835182189944 -0.27500000596046442
decision_type=2 8 2 10 10 2 2 10 2 8 2 2 10 10 2 10 2 2 8 2 8 8 10 2 2 8 2 10 2 2
left_child=1 2 3 6 15 25 8 12 18 10 20 23 28 14 -13 -5 -2 -16 -1 24 21 -3 -23 -11 -20 -4 -27 -28 -7 -14
right_child=16 9 5 4 -6 7 -8 -9 -10 11 -12 13 29 -15 17 -17 -18 -19 19 -21 -22 22 -24 -25 -26 26 27 -29 -30 -31
leaf_value=-2.6643427457293397e-05 -0.0060967040570296966 0.00025514627746285259 0.000843481591775863 0.011035850312753228 -0.00050672709329605654 0.0029783811940249203 -0.0040565307053267259 0.00047764130603633831 0.00037459116372731802 0.00036919756527791268 0.0061486088781124125 -0.0015731549993675102 0.002205670200595099 -0.00092808760669188138 -0.0098950969113502651 0.0016337027793151323 -0.001688067496740951 -0.0033304074051355003 0.0018141374570649366 0.001085593393101123 -0.00044540063455571753 0.0063723720351288862 0.0009363741819337708 -0.0010446774428733477 0.0042326113182727049 -0.0040414156137927931 -0.00070190311116430436 0.00022179421720685505 0.0069514619424954713 -0.0028137355009598556
leaf_weight=1144 1748 12427 3395 437 134 513 387 3633 9648 5891 200 1692 389 6560 255 91 376 287 1487 2555 10966 254 534 3320 1539 304 10529 9212 508 187
leaf_count=1144 1748 12427 3395 437 134 513 387 3633 9648 5891 200 1692 389 6560 255 91 376 287 1487 2555 10966 254 534 3320 1539 304 10529 9212 508 187
internal_value=-7.19666e-06 0.000120339 0.000490061 0.00109155 0.00741417 0.000122784 0.0008384 0.00138332 0.000957393 -0.000280531 7.16937e-05 -0.000760241 0.00341077 -0.0014093 -0.00279895 0.00951607 -0.00534096 -0.00652358 0.00178589 0.00216633 1.91119e-05 0.000408359 0.00275781 -0.000135048 0.00306166 -0.000156385 -0.000328259 -0.000268344 0.00500898 0.000487399
internal_weight=90602 88478 46092 17422 662 28670 16760 5230 16373 42386 24381 18005 1597 8794 2234 528 2124 542 6725 5581 24181 13215 788 9211 3026 23440 20045 19741 1021 576
internal_count=90602 88478 46092 17422 662 28670 16760 5230 16373 42386 24381 18005 1597 8794 2234 528 2124 542 6725 5581 24181 13215 788 9211 3026 23440 20045 19741 1021 576
is_linear=0
shrinkage=0.05


Tree=10
num_leaves=31
num_cat=0
split_feature=1 89 16 84 81 81 82 48 25 36 74 158 0 25 17 81 8 80 157 81 36 12 119 153 53 132 31 124 107 155
split_gain=21.8015 4.91985 4.32184 10.2107 4.46606 4.03232 6.40282 3.80008 3.06289 2.72867 2.55702 2.4513 2.41902 2.23966 2.22416 2.33995 2.48584 2.18705 2.12151 1.84249 1.73424 1.67612 1.64563 1.62305 1.56 1.5183 1.55393 1.41522 1.38044 1.36173
threshold=0.12111108377575876 0.53139176964759838 1.2992014884948733 1.0000000180025095e-35 0.21666666865348819 0.25000000745058065 0.025000001303851608 0.92980691790580761 0.087051838636398329 0.64196673035621654 0.35000000894069677 0.4821301129901126 -0.071069378405809389 0.10826709121465684 0.78707411885261547 0.18333333730697635 -0.74024075269699086 0.22500000149011615 -0.010010901372879742 0.31666667759418493 0.6960527002811433 1.0023646950721743 0.27018114924430853 -0.043743375688791268 1.1601572632789614 0.72142392396926891 -0.0050663410220295182 -0.29036140441894526 0.42499999701976782 0.0058000371791422376
decision_type=2 8 10 2 2 2 2 2 8 10 2 10 2 10 10 2 2 2 10 2 10 2 10 10 2 2 8 10 2 8
left_child=1 2 4 7 10 6 -6 17 -2 13 -1 21 24 -5 15 -3 19 -4 20 -17 -9 -12 29 28 -7 -10 -27 -14 -23 -16
right_child=8 14 3 9 5 12 -8 18 25 -11 11 -13 27 -15 22 16 -18 -19 -20 -21 -22 23 -24 -25 -26 26 -28 -29 -30 -31
leaf_value=0.00016552777184729547 -0.0014845348268944679 -0.00019908670328710462 -0.0049311299427023279 0.010197024551794083 -0.0080897385817498071 0.00033969946249191347 -0.00061393856570696236 0.0062563972638487288 -0.0032673271846946602 0.0020243708357119789 0.0011582733642668047 -0.00048144136883651947 -0.00043992418437212798 -0.0015520135859480582 0.0027966554404467805 -0.0075987220915331253 -0.0012164580571082826 -1.6464694878170954e-05 0.00023327245329270255 -0.0023575547758014864 0.0020843540268562248 0.0046342909928857442 -0.00020282299172212073 0.0010741187831816424 0.0070598213705188127 -0.0032688472195355764 -0.0071682075612378993 0.00032419379361864451 0.0021411671825151686 0.0003935203211407961
leaf_weight=6502 898 5039 327 494 391 180 1130 387 896 196 5558 1413 10159 36 788 290 3663 798 966 500 878 1140 26008 1310 201 420 1015 14998 1311 2616
leaf_count=6502 898 5039 327 494 391 180 1130 387 896 196 5558 1413 10159 36 788 290 3663 798 966 500 878 1140 26008 1310 201 420 1015 14998 1311 2616
internal_value=-1.34574e-05 0.000135271 0.000472303 0.00203124 0.000327462 -7.15085e-05 -0.00257263 0.000850354 -0.00404782 0.00741252 0.000956752 0.0014314 7.55912e-05 0.00930339 -0.000282526 -0.000948369 -0.00178479 -0.00149251 0.0020543 -0.00435191 0.00340413 0.00172682 -6.59171e-05 0.00255319 0.00402505 -0.00501281 -0.00606482 1.3632e-05 0.00332257 0.00096517
internal_weight=90508 87279 48375 4082 44293 27059 1521 3356 3229 726 17234 10732 25538 530 38904 9492 4453 1125 2231 790 1265 9319 29412 3761 381 2331 1435 25157 2451 3404
internal_count=90508 87279 48375 4082 44293 27059 1521 3356 3229 726 17234 10732 25538 530 38904 9492 4453 1125 2231 790 1265 9319 29412 3761 381 2331 1435 25157 2451 3404
is_linear=0
shrinkage=0.05


Tree=11
num_leaves=31
num_cat=0
split_feature=1 77 58 16 25 116 147 79 16 28 1 38 11 159 8 32 12 0 142 112 25 31 159 159 5 73 67 87 114 16
split_gain=19.9155 4.1619 4.94384 4.66303 8.06046 3.62373 3.03492 3.15213 3.05433 2.78603 2.63607 2.48776 2.827 2.35268 2.33936 2.19329 3.93644 2.14169 1.97705 1.87758 1.84838 1.84274 2.07701 9.90756 1.90837 1.7949 1.78651 1.7494 1.54294 1.58304
threshold=0.13785236328840259 0.35833333432674414 1.0396189093589785 1.432964622974396 0.078629449009895339 0.69080266356468212 0.52183523774147045 0.45000000298023229 1.3891803026199343 -0.0068965498358011237 0.079190649092197432 0.0083200247026979941 0.96416935324668895 0.49743782088659155 -0.77777883410453785 0.0055151409469544896 1.0030677914619448 -0.062028249725699418 1.4115215539932253 1.0000000180025095e-35 0.09270967543125154 0.0079256938770413416 0.49793459528021256 0.49793566138738615 0.026472804136574272 0.90000000596046459 0.050423728302121169 -0.54166668653488148 0.37500010430812841 1.1622648835182192
decision_type=2 2 2 10 10 8 10 2 10 8 2 8 2 8 2 10 2 2 10 2 8 10 10 10 2 2 2 2 10 10
left_child=1 2 3 21 26 6 7 8 11 -9 -7 12 -3 -11 19 -13 -17 -4 -2 -15 -10 22 28 -24 -23 -12 -5 -19 -1 -30
right_child=18 5 17 4 -6 10 -8 9 20 13 25 15 -14 14 -16 16 -18 27 -20 -21 -22 24 23 -25 -26 -27 -28 -29 29 -31
leaf_value=-0.00046770323737926477 -0.0054746500563344512 -0.0024885027626396325 0.005913417026351642 0.00032008635656287279 0.00069608606547369163 0.0019840551243137943 -0.0010913554072603828 9.9719380838268418e-05 0.0076975436996596317 0.00085390519951393279 -0.0035873268690162757 0.00096002129499627115 0.00028412350229466919 -0.00086897403309124535 -0.00087810074144283989 0.0016671633660002507 0.0107601593824434 0.0048160610773516268 -0.001248314857951735 -0.0046273152561870359 -5.8940749317791661e-05 0.0029240249852424969 0.016354964735464904 0.00088709926951245253 -0.00085259176069571094 0.00055871319543629699 0.0098924690270517715 -0.00096712162065171702 0.00018114609389416306 0.0017791224460392812
leaf_weight=8692 1768 1002 597 68 1076 3203 9045 13875 231 1663 383 2562 10932 623 11013 436 173 217 367 819 96 1243 108 2363 432 771 400 301 14424 1753
leaf_count=8692 1768 1002 597 68 1076 3203 9045 13875 231 1663 383 2562 10932 623 11013 436 173 217 367 819 96 1243 108 2363 432 771 400 301 14424 1753
internal_value=-1.1989e-06 0.000113391 0.000572966 0.000451722 0.00313181 -0.00014189 -0.000257743 -8.29369e-05 0.000489329 -0.000400208 0.00124156 0.00038208 4.69505e-05 -0.000895045 -0.00113263 0.00162716 0.0043456 0.00384772 -0.00477249 -0.00303994 0.00527473 0.000307278 0.000206564 0.00158972 0.00192024 -0.000775937 0.00861187 0.00136384 6.70635e-05 0.000357499
internal_weight=90636 88501 31674 30559 1544 56827 52470 43425 15432 27993 4357 15105 11934 14118 12455 3171 609 1115 2135 1442 327 29015 27340 2471 1675 1154 468 518 24869 16177
internal_count=90636 88501 31674 30559 1544 56827 52470 43425 15432 27993 4357 15105 11934 14118 12455 3171 609 1115 2135 1442 327 29015 27340 2471 1675 1154 468 518 24869 16177
is_linear=0
shrinkage=0.05


Tree=12
num_leaves=31
num_cat=0
split_feature=1 89 79 16 28 32 81 56 39 82 11 59 26 158 38 79 30 29 5 52 158 141 52 142 47 159 144 92 12 6
split_gain=18.6268 4.30171 3.77991 7.97821 3.12404 3.48727 3.07512 2.79355 2.72546 2.71734 2.35662 2.26584 2.18835 2.12122 1.89211 1.95886 2.60631 2.05432 1.80808 2.54587 1.81673 1.50152 1.49673 1.54151 1.45329 1.48829 1.45217 1.44015 2.01983 1.41268
threshold=0.12111108377575876 0.49869064986705786 0.45000000298023229 1.3521531224250796 -0.007382866693660616 -0.0038273461395874615 0.15000000596046451 1.3000551462173464 -0.041455898433923714 0.4083333313465119 0.8845697045326234 1.098625719547272 0.17079202085733416 0.48379501385041557 -0.018838334828615185 0.25000000745058065 0.0017699341988191011 0.0054261754266917714 0.037703869864344604 0.73601573705673229 0.9692658692896382 0.77982285618782055 0.66335058212280285 1.0404824614524844 1.4085782766342165 0.49705636350588583 0.45220133662223821 0.190656453371048 1.0061445832252505 0.60869842767715465
decision_type=2 8 2 10 8 10 2 2 10 2 2 2 10 8 10 2 10 10 2 2 8 8 2 10 2 8 10 10 2 2
left_child=1 2 3 6 5 8 18 22 12 14 -2 21 -4 -6 -3 16 17 -16 19 20 -1 -11 -5 -24 25 -17 -15 28 -27 -7
right_child=10 9 4 7 13 29 -8 -9 -10 11 -12 -13 -14 26 15 24 -18 -19 -20 -21 -22 -23 23 -25 -26 27 -28 -29 -30 -31
leaf_value=5.48272920501144e-05 -0.0050744678650921004 -0.0018608684755306072 0.0057885701304440712 -0.0028866124783896588 0.0011029793834985654 2.6991790316202577e-05 0.00029911852609817036 0.0003288743744353549 0.0012980106072029941 -0.0020779174673833433 -0.0022466132167207682 0.006095579560812428 -0.0037546697247307749 -0.0012475393280115333 0.00044709683339254152 0.00072709377547847294 -0.00037162091663600979 0.0035478909424677429 -0.002275537991625528 0.00081018203572203102 0.0034439627362842918 0.00031512741970038936 0.010884824266129738 0.0037504891953589817 0.00059331894514485237 -0.0013592847561479844 -0.00016056503076222064 -0.00087819691196757202 -0.005917860267800279 0.0019081514979854841
leaf_weight=503 1692 2518 646 21 2024 9515 10297 155 2256 680 1465 165 59 5490 1464 1246 5124 883 260 2905 2569 15211 336 131 1805 912 7259 11533 355 1122
leaf_count=503 1692 2518 646 21 2024 9515 10297 155 2256 680 1465 165 59 5490 1464 1246 5124 883 260 2905 2569 15211 336 131 1805 912 7259 11533 355 1122
internal_value=-6.13926e-06 0.000129549 0.000466252 0.00105195 0.000109856 0.000658081 0.000835767 0.00652337 0.00217743 -0.000235313 -0.00377917 0.000273434 0.00491491 -0.000391391 -0.000553363 -0.000409978 0.000252513 0.001636 0.00171354 0.00189579 0.00290551 0.000209455 0.00838394 0.00900267 -0.000725378 -0.000898428 -0.000632623 -0.00106061 -0.00267964 0.000230279
internal_weight=90601 87444 45548 17177 28371 13598 16534 643 2961 41896 3157 16056 705 14773 25840 23322 7471 2347 6237 5977 3072 15891 488 467 15851 14046 12749 12800 1267 10637
internal_count=90601 87444 45548 17177 28371 13598 16534 643 2961 41896 3157 16056 705 14773 25840 23322 7471 2347 6237 5977 3072 15891 488 467 15851 14046 12749 12800 1267 10637
is_linear=0
shrinkage=0.05


Tree=13
num_leaves=31
num_cat=0
split_feature=1 121 77 53 16 79 25 30 142 79 5 5 80 50 28 134 51 38 32 79 16 5 159 81 17 92 12 159 26 47
split_gain=16.1658 3.96146 4.66457 4.46776 3.80222 7.2731 3.01221 2.86057 2.81255 2.53635 2.4494 2.31776 2.002 1.96626 1.93251 1.70204 1.6728 1.62656 2.14629 4.19386 1.78576 1.61101 1.57798 1.85645 2.6516 2.15856 2.52194 1.57605 1.56702 1.47145
threshold=0.12111108377575876 0.2973166704177857 0.35833333432674414 1.1905371546745303 1.2892321944236758 0.35000000894069677 0.087051838636398329 0.012380171567201616 0.9761771857738496 0.25000000745058065 0.022759639658033851 0.037703869864344604 0.075000001117587103 0.89777737855911266 -0.007382866693660616 0.30697089433670049 0.7178441882133485 -0.00104181986534968 0.0052932503167539844 0.15000000223517421 1.3891803026199343 0.03637411072850228 0.49823042090106634 0.15000000596046451 0.80544081330299389 0.39599518477916723 1.008922874927521 0.49572252975867442 0.17079202085733416 1.425869941711426
decision_type=2 8 2 2 10 2 8 10 10 2 2 2 2 2 8 10 2 8 10 2 10 2 8 2 8 10 2 10 10 2
left_child=1 11 3 4 12 8 -2 9 -6 10 17 -1 16 -7 21 -9 -3 -4 20 -20 -19 29 -16 -24 25 26 -25 -21 -5 -11
right_child=6 2 7 28 5 13 -8 15 -10 14 -12 -13 -14 -15 22 -17 -18 18 19 27 -22 -23 23 24 -26 -27 -28 -29 -30 -31
leaf_value=0.0020424017209761647 -0.00092185426781704822 0.0039166857746314445 2.6994682918300261e-05 0.0063738336579655819 0.01019595925217168 -0.0014538415530747535 -0.0044226085845432165 -0.0036294902416489938 0.0032068179643187362 -0.00032589035199526845 -0.0014338086316761376 -0.0028544716403248677 8.7994962247111782e-05 0.0017589354246938993 0.00024099804719742284 -0.00092272153524949755 0.00087202343550581488 0.0006896969874596072 0.00047874795194169069 0.0085842025698078701 0.0062864329041827207 0.0018440743863493481 -8.4452486671922594e-05 -0.0026650092300799975 -0.00085277836527755104 -0.0014334258866234026 -0.008420167355633482 -0.00044974269675246133 -0.0026793720165227096 0.00095327475850143716
leaf_weight=3591 889 517 5332 425 330 640 2325 863 305 11523 1515 250 22524 1730 3819 2017 4465 5719 531 343 148 1183 5244 601 9358 1307 310 44 45 2785
leaf_count=3591 889 517 5332 425 330 640 2325 863 305 11523 1515 250 22524 1730 3819 2017 4465 5719 531 343 148 1183 5244 601 9358 1307 310 44 45 2785
internal_value=1.10556e-05 0.000139598 6.68482e-05 0.000554075 0.000477659 0.00216865 -0.00347043 -0.000218951 0.00692791 -0.000129178 0.000450339 0.00171 0.000291031 0.000870015 -0.000349223 -0.00175215 0.00119874 0.000690141 0.00120383 0.00346836 0.000840447 6.99488e-05 -0.000666251 -0.000875218 -0.00122908 -0.00279312 -0.00468532 0.00742971 0.00539703 -7.3362e-05
internal_weight=90678 87464 83623 30981 30511 3005 3214 52642 635 49762 13632 3841 27506 2370 36130 2880 4982 12117 6785 918 5867 15491 20639 16820 11576 2218 911 387 470 14308
internal_count=90678 87464 83623 30981 30511 3005 3214 52642 635 49762 13632 3841 27506 2370 36130 2880 4982 12117 6785 918 5867 15491 20639 16820 11576 2218 911 387 470 14308
is_linear=0
shrinkage=0.05


end of trees

feature_importances:
feature_IMIN30=24
feature_IMIN60=23
feature_KLEN=16
feature_QTLU5=15
announcement_count_20d=14
shareholder_change_count_20d=14
feature_ROC30=13
feature_IMIN10=13
feature_KLOW=11
feature_STD20=11
feature_VWAP0=10
feature_ROC60=10
feature_RESI5=10
feature_IMIN20=10
feature_KMID=9
feature_KSFT2=9
feature_BETA60=9
feature_CORR10=8
feature_CORR60=8
feature_RSQR30=7
feature_LOW0=6
feature_WVMA60=6
feature_VSUMD60=6
feature_STD30=5
feature_BETA20=5
feature_RESI10=5
feature_SUMP10=5
feature_OPEN0=4
feature_MAX30=4
feature_MIN60=4
feature_QTLD10=4
feature_IMAX5=4
feature_WVMA30=4
feature_KMID2=3
feature_STD60=3
feature_BETA5=3
feature_BETA10=3
feature_MAX10=3
feature_MAX60=3
feature_MIN5=3
feature_MIN20=3
feature_QTLU20=3
feature_QTLU60=3
feature_QTLD5=3
feature_CNTP20=3
feature_CNTP60=3
feature_CNTD60=3
feature_SUMP60=3
feature_SUMN10=3
feature_SUMN30=3
feature_SUMD30=3
feature_VSUMP10=3
feature_VSUMP60=3
feature_HIGH0=2
feature_ROC10=2
feature_ROC20=2
feature_MA5=2
feature_STD10=2
feature_BETA30=2
feature_RSQR60=2
feature_RESI30=2
feature_QTLU30=2
feature_RSV30=2
feature_IMAX10=2
feature_IMAX60=2
feature_IMXD10=2
feature_IMXD20=2
feature_IMXD60=2
feature_CNTN60=2
feature_SUMD10=2
feature_WVMA10=2
feature_KLOW2=1
feature_KSFT=1
feature_STD5=1
feature_RSQR10=1
feature_RESI20=1
feature_RESI60=1
feature_MIN30=1
feature_RANK20=1
feature_RANK60=1
feature_IMXD30=1
feature_CNTN20=1
feature_CNTD30=1
feature_SUMP30=1
feature_VMA5=1
feature_VMA60=1
feature_VSTD10=1
feature_VSUMD5=1
feature_VSUMD20=1

parameters:
[boosting: gbdt]
[objective: regression]
[metric: l2]
[tree_learner: serial]
[device_type: cpu]
[data_sample_strategy: bagging]
[data: ]
[valid: ]
[num_iterations: 400]
[learning_rate: 0.05]
[num_leaves: 31]
[num_threads: 20]
[seed: 42]
[deterministic: 0]
[force_col_wise: 0]
[force_row_wise: 0]
[histogram_pool_size: -1]
[max_depth: -1]
[min_data_in_leaf: 20]
[min_sum_hessian_in_leaf: 0.001]
[bagging_fraction: 0.8]
[pos_bagging_fraction: 1]
[neg_bagging_fraction: 1]
[bagging_freq: 1]
[bagging_seed: 400]
[bagging_by_query: 0]
[feature_fraction: 0.8]
[feature_fraction_bynode: 1]
[feature_fraction_seed: 30056]
[extra_trees: 0]
[extra_seed: 12879]
[early_stopping_round: 0]
[early_stopping_min_delta: 0]
[first_metric_only: 0]
[max_delta_step: 0]
[lambda_l1: 1]
[lambda_l2: 1]
[linear_lambda: 0]
[min_gain_to_split: 0]
[drop_rate: 0.1]
[max_drop: 50]
[skip_drop: 0.5]
[xgboost_dart_mode: 0]
[uniform_drop: 0]
[drop_seed: 17869]
[top_rate: 0.2]
[other_rate: 0.1]
[min_data_per_group: 100]
[max_cat_threshold: 32]
[cat_l2: 10]
[cat_smooth: 10]
[max_cat_to_onehot: 4]
[top_k: 20]
[monotone_constraints: ]
[monotone_constraints_method: basic]
[monotone_penalty: 0]
[feature_contri: ]
[forcedsplits_filename: ]
[refit_decay_rate: 0.9]
[cegb_tradeoff: 1]
[cegb_penalty_split: 0]
[cegb_penalty_feature_lazy: ]
[cegb_penalty_feature_coupled: ]
[path_smooth: 0]
[interaction_constraints: ]
[verbosity: -1]
[saved_feature_importance_type: 0]
[use_quantized_grad: 0]
[num_grad_quant_bins: 4]
[quant_train_renew_leaf: 0]
[stochastic_rounding: 1]
[linear_tree: 0]
[max_bin: 255]
[max_bin_by_feature: ]
[min_data_in_bin: 3]
[bin_construct_sample_cnt: 200000]
[data_random_seed: 175]
[is_enable_sparse: 1]
[enable_bundle: 1]
[use_missing: 1]
[zero_as_missing: 0]
[feature_pre_filter: 1]
[pre_partition: 0]
[two_round: 0]
[header: 0]
[label_column: ]
[weight_column: ]
[group_column: ]
[ignore_column: ]
[categorical_feature: ]
[forcedbins_filename: ]
[precise_float_parser: 0]
[parser_config_file: ]
[objective_seed: 16083]
[num_class: 1]
[is_unbalance: 0]
[scale_pos_weight: 1]
[sigmoid: 1]
[boost_from_average: 1]
[reg_sqrt: 0]
[alpha: 0.9]
[fair_c: 1]
[poisson_max_delta_step: 0.7]
[tweedie_variance_power: 1.5]
[lambdarank_truncation_level: 30]
[lambdarank_norm: 1]
[label_gain: ]
[lambdarank_position_bias_regularization: 0]
[eval_at: ]
[multi_error_top_k: 1]
[auc_mu_weights: ]
[num_machines: 1]
[local_listen_port: 12400]
[time_out: 120]
[machine_list_filename: ]
[machines: ]
[gpu_platform_id: -1]
[gpu_device_id: -1]
[gpu_device_id_list: ]
[gpu_use_dp: 0]
[num_gpu: 1]

end of parameters

pandas_categorical:[]
