tree
version=v4
num_class=1
num_tree_per_iteration=1
label_index=0
max_feature_idx=158
objective=regression
feature_names=feature_KMID feature_KLEN feature_KMID2 feature_KUP feature_KUP2 feature_KLOW feature_KLOW2 feature_KSFT feature_KSFT2 feature_OPEN0 feature_HIGH0 feature_LOW0 feature_VWAP0 feature_ROC5 feature_ROC10 feature_ROC20 feature_ROC30 feature_ROC60 feature_MA5 feature_MA10 feature_MA20 feature_MA30 feature_MA60 feature_STD5 feature_STD10 feature_STD20 feature_STD30 feature_STD60 feature_BETA5 feature_BETA10 feature_BETA20 feature_BETA30 feature_BETA60 feature_RSQR5 feature_RSQR10 feature_RSQR20 feature_RSQR30 feature_RSQR60 feature_RESI5 feature_RESI10 feature_RESI20 feature_RESI30 feature_RESI60 feature_MAX5 feature_MAX10 feature_MAX20 feature_MAX30 feature_MAX60 feature_MIN5 feature_MIN10 feature_MIN20 feature_MIN30 feature_MIN60 feature_QTLU5 feature_QTLU10 feature_QTLU20 feature_QTLU30 feature_QTLU60 feature_QTLD5 feature_QTLD10 feature_QTLD20 feature_QTLD30 feature_QTLD60 feature_RANK5 feature_RANK10 feature_RANK20 feature_RANK30 feature_RANK60 feature_RSV5 feature_RSV10 feature_RSV20 feature_RSV30 feature_RSV60 feature_IMAX5 feature_IMAX10 feature_IMAX20 feature_IMAX30 feature_IMAX60 feature_IMIN5 feature_IMIN10 feature_IMIN20 feature_IMIN30 feature_IMIN60 feature_IMXD5 feature_IMXD10 feature_IMXD20 feature_IMXD30 feature_IMXD60 feature_CORR5 feature_CORR10 feature_CORR20 feature_CORR30 feature_CORR60 feature_CORD5 feature_CORD10 feature_CORD20 feature_CORD30 feature_CORD60 feature_CNTP5 feature_CNTP10 feature_CNTP20 feature_CNTP30 feature_CNTP60 feature_CNTN5 feature_CNTN10 feature_CNTN20 feature_CNTN30 feature_CNTN60 feature_CNTD5 feature_CNTD10 feature_CNTD20 feature_CNTD30 feature_CNTD60 feature_SUMP5 feature_SUMP10 feature_SUMP20 feature_SUMP30 feature_SUMP60 feature_SUMN5 feature_SUMN10 feature_SUMN20 feature_SUMN30 feature_SUMN60 feature_SUMD5 feature_SUMD10 feature_SUMD20 feature_SUMD30 feature_SUMD60 feature_VMA5 feature_VMA10 feature_VMA20 feature_VMA30 feature_VMA60 feature_VSTD5 feature_VSTD10 feature_VSTD20 feature_VSTD30 feature_VSTD60 feature_WVMA5 feature_WVMA10 feature_WVMA20 feature_WVMA30 feature_WVMA60 feature_VSUMP5 feature_VSUMP10 feature_VSUMP20 feature_VSUMP30 feature_VSUMP60 feature_VSUMN5 feature_VSUMN10 feature_VSUMN20 feature_VSUMN30 feature_VSUMN60 feature_VSUMD5 feature_VSUMD10 feature_VSUMD20 feature_VSUMD30 feature_VSUMD60 news_risk_20d
feature_infos=[-0.18378382921218872:0.23204429447650909] [0:0.2587992250919342] [-1:1] [0:0.17515505850315094] [0:1] [0:0.1814553290605545] [0:1] [-0.21837836503982544:0.2587992250919342] [-1:1] [0.81165915727615356:1.2251656055450439] [1:1.2768211364746094] [0.78991591930389404:1] [0.86167383193969727:1.1553093194961548] [0.50938946008682251:1.8084112405776978] [0.38546353578567505:2.5034608840942383] [0.20094425976276398:3.1202185153961182] [0.18492695689201355:5.7117090225219727] [0.13746649026870728:7.1328182220458984] [0.73912703990936279:1.3500000238418579] [0.58375918865203857:1.6204214096069336] [0.48958152532577515:2.2400727272033691] [0.40701004862785339:2.491147518157959] [0.28582838177680969:3.7705175876617432] [0:0.31421336531639099] [0.00023446726845577359:0.44042909145355225] [0.0005574155948124826:0.84243810176849365] [0.0005574155948124826:1.5140218734741211] [0.0005574155948124826:2.5884873867034912] [-0.18953272700309753:0.11699225753545761] [-0.14318288862705231:0.091486923396587372] [-0.13684648275375366:0.091486923396587372] [-0.153787761926651:0.091486923396587372] [-0.13677342236042023:0.091486923396587372] [0:1] [0:1] [0:1] [2.2261162995574702e-15:1] [8.3690260277435868e-10:1] [-0.11662719398736954:0.098536819219589233] [-0.23734408617019653:0.19709315896034241] [-0.45356476306915283:0.34632593393325806] [-0.59292685985565186:0.92638540267944336] [-1.1882275342941284:1.6086900234222412] [1:1.7841874361038208] [1:2.2531874179840088] [1:3.1650238037109375] [1:5.7535200119018555] [1:9.3708133697509766] [0.50947773456573486:1] [0.34822705388069153:1] [0.19764620065689087:1] [0.18116329610347748:1] [0.079663857817649841:1] [0.86649966239929199:1.6521495580673218] [0.72217452526092529:2.0949892997741699] [0.58081799745559692:3.0763568878173828] [0.47937741875648499:3.5877678394317627] [0.33353924751281738:7.2022075653076172] [0.58712047338485718:1.184606671333313] [0.39663863182067871:1.3228549957275391] [0.22801922261714935:1.6053929328918457] [0.19504037499427795:1.7554135322570801] [0.12582564353942871:2.6131875514984131] [0.20000000298023224:1] [0.10000000149011612:1] [0.05000000074505806:1] [0.033333335071802139:1] [0.01666666753590107:1] [0:1] [0:1] [0:1] [0:1] [0:1] [0.20000000298023224:1] [0.10000000149011612:1] [0.05000000074505806:1] [0.033333335071802139:1] [0.01666666753590107:1] [0.20000000298023224:1] [0.10000000149011612:1] [0.05000000074505806:1] [0.033333335071802139:1] [0.01666666753590107:1] [-0.80000001192092896:0.80000001192092896] [-0.89999997615814209:0.89999997615814209] [-0.94999998807907104:0.94999998807907104] [-0.96666663885116577:0.96666663885116577] [-0.98333334922790527:0.98333334922790527] [-1:1] [-1:1] [-1:1] [-1:1] [-1:1] [-1:1] [-1:1] [-1:1] [-1:1] [-1:1] [0:1] [0:1] [0:0.94999998807907104] [0:0.86666667461395264] [0:0.76666665077209473] [0:1] [0:1] [0:0.94999998807907104] [0:0.86666667461395264] [0:0.83333331346511841] [-1:1] [-1:1] [-0.94999998807907104:0.89999997615814209] [-0.76666665077209473:0.76666665077209473] [-0.75:0.55000001192092896] [0:1] [0:1] [0:1] [0:1] [0:1] [0:1] [0:1] [0:1] [0:1] [0:1] [-1:1] [-1:1] [-1:1] [-1:1] [-1:1] [0.20471267402172089:235.782958984375] [0.10461504012346268:383.34182739257812] [0.075067855417728424:425.7928466796875] [0.056173093616962433:430.86871337890625] [0.033522188663482666:438.94296264648438] [0.00029457567143253982:408.0859375] [0.0027553131803870201:414.00186157226562] [0.0027553131803870201:307.87985229492188] [0.0027553131803870201:262.36935424804688] [0.0027553131803870201:275.11691284179688] [0:2.2360680103302002] [0.018472533673048019:3.0074613094329834] [0.068585917353630066:3.8974208831787109] [0.068585917353630066:4.5948772430419922] [0.068585917353630066:5.3810009956359863] [0:1] [0:1] [0:1] [0:1] [0:1] [0:1] [0:1] [0:1] [0:1] [0:1] [-1:1] [-1:1] [-1:1] [-1:1] [-1:1] [0.39795918367346939:1]
tree_sizes=3028 3019 3000 3053 3059 3065 3024 3012 3034 3082 3043 3030 3059 3069 3033 2985 3040

Tree=0
num_leaves=31
num_cat=0
split_feature=1 57 39 25 81 81 8 100 73 40 89 141 32 29 0 38 80 92 92 117 64 46 121 28 85 158 5 27 117 32
split_gain=56.8039 9.64465 15.2967 10.1575 8.23049 16.0593 10.5484 7.11739 5.98625 5.80774 5.27508 4.91545 3.73527 3.5193 3.44455 3.28939 3.22873 3.19007 3.04002 3.19337 2.66071 2.57785 2.57446 2.48587 2.39321 2.19808 2.83807 2.70625 2.2953 2.1814
threshold=0.12535332143306735 1.2957590222358706 -0.0040240830276161424 0.10375531762838365 0.21666666865348819 0.25000000745058065 -0.74024075269699086 0.47499999403953558 0.90000000596046459 -0.13620861619710919 0.51963737607002269 1.0049812197685244 0.0027395965298637752 0.00047882234503049409 -0.066059924662113176 -0.0027010934427380557 0.27500000596046453 0.43262344598770147 0.077366344630718245 0.56959107518196117 0.34166666865348821 1.0806029438972475 0.60256519913673412 -0.0072176360990852109 -0.32500000298023218 0.64710594135265043 0.037703869864344604 0.11852662637829782 0.61660617589950573 0.00052472480456344794
decision_type=2 2 8 10 2 2 2 2 2 10 8 10 10 10 2 10 2 10 10 10 2 2 10 10 2 8 2 10 10 10
left_child=1 4 3 7 10 6 17 9 -2 -3 13 20 -7 -1 -5 -14 -4 29 19 -8 23 -12 -18 -9 -16 -15 27 -27 -28 -6
right_child=8 2 16 14 5 12 18 11 -10 -11 21 -13 15 25 24 -17 22 -19 -20 -21 -22 -23 -24 -25 -26 26 28 -29 -30 -31
leaf_value=0.0023921062165133244 -0.006510250398843921 0.012452387501000303 -0.0010226335247754833 0.0094732814040850329 -0.0015879772176727275 0.0018997150728229935 -0.00019806396450518151 0.011671324198093819 -0.0010778355859661663 0.0040858875816949299 0.0025240170291628435 0.0064132997623959588 -0.00034378852437033647 0.0020955384655272366 0.003221045043076803 0.0015581504153376531 0.00046255696675015804 -0.0032970100566417099 0.00036833372782087734 -0.0094643273975306141 0.016947598785737268 0.0012419548872895292 0.0031571441904167195 0.00048324735306728636 -0.0017522731678246829 0.0038986522475352573 0.0037504936428733454 0.0064315158531588323 -0.0037934569105782358 -0.012129991535309938
leaf_weight=9011 2136 247 888 125 74 33654 227 335 708 1488 6844 489 3877 1463 454 5662 1280 322 2095 179 302 9174 2805 49 495 4083 204 1503 187 333
leaf_count=9011 2136 247 888 125 74 33654 227 335 708 1488 6844 489 3877 1463 454 5662 1280 322 2095 179 302 9174 2805 49 495 4083 204 1503 187 333
internal_value=0.00177695 0.00200158 0.00355638 0.00586477 0.0018244 0.00139796 -0.00200284 0.0073983 -0.00517694 0.00531122 0.00243565 0.0104319 0.00165351 0.00306451 0.00175487 0.000779748 0.00171668 -0.00731377 -0.000431779 -0.00442393 0.0132129 0.00179287 0.00230046 0.0101141 0.000678576 0.00387199 0.00429832 0.00458981 0.000265002 -0.0103488
internal_weight=90693 87849 8957 3984 78892 46423 3230 2910 2844 1735 32469 1175 43193 16451 1074 9539 4973 729 2501 406 686 16018 4085 384 949 7440 5977 5586 391 407
internal_count=90693 87849 8957 3984 78892 46423 3230 2910 2844 1735 32469 1175 43193 16451 1074 9539 4973 729 2501 406 686 16018 4085 384 949 7440 5977 5586 391 407
is_linear=0
shrinkage=1


Tree=1
num_leaves=31
num_cat=0
split_feature=12 57 39 82 9 82 8 59 81 81 24 121 41 25 152 71 5 28 112 117 48 37 141 16 19 2 114 0 158 158
split_gain=41.9745 8.82609 12.9448 8.64049 9.43218 7.39968 9.51863 6.85141 6.008 9.67058 5.17857 7.46382 4.61438 3.95377 3.79431 3.6414 3.43533 3.34178 3.12748 3.08122 3.03404 2.69074 2.49691 2.06727 3.1796 1.9885 1.97881 1.95253 1.94666 2.81688
threshold=0.95583620667457592 1.257884204387665 -0.004298826213926076 0.058333335444331176 1.0564128160476687 0.025000001303851608 -0.80000177025794972 1.0096209645271303 0.21666666865348819 0.31666667759418493 0.092792302370071425 0.30157765746116644 -0.061789903789758675 0.088821507990360274 0.47334541380405432 0.68382307887077343 0.049353396520018585 -0.040450284257531159 0.22500000149011615 0.50621095299720775 0.91016754508018505 0.81603989005088817 0.94116184115409862 1.4567780494689944 1.04423063993454 -0.34700004756450648 0.50000008940696727 -0.066059924662113176 0.49502082403688835 0.49537325355373285
decision_type=2 2 8 2 2 2 2 2 2 2 10 8 8 10 10 2 2 8 2 10 2 10 10 10 2 2 10 2 8 8
left_child=12 5 3 7 13 6 8 19 26 -10 11 16 -1 23 -13 21 25 -6 -8 -3 -4 28 -15 -5 -25 -7 -2 -9 -16 -30
right_child=1 2 20 4 17 10 18 27 9 -11 -12 14 -14 22 15 -17 -18 -19 -20 -21 -22 -23 -24 24 -26 -27 -28 -29 29 -31
leaf_value=-0.0093638932565948147 -0.0030208561286152575 0.013843459473193015 -0.0017542180372499831 0.0017304658544485853 0.0093783772245377203 0.0054571820078182778 -0.00035933064634484759 0.010383522216718467 -0.013395008588501973 -0.0030552520808794174 -0.0023657599512886514 -0.001022709007710854 -0.0037848382457519509 -0.0034727603316643107 0.0013713701758658312 0.00098092107943168307 -0.0058406878811965409 0.0023251859721302947 -0.0035866063346155549 0.00023206691590270829 0.00066445837038662918 0.0015607382414314346 0.0011687435254509701 0.010502898909868056 0 0.0022137838072281615 0.0031540676113275415 0.0016658440396736659 -0.0020890737811497485 -7.0596105585478159e-05
leaf_weight=1210 345 389 1869 1788 556 621 8496 83 392 574 1977 6638 589 597 2162 12798 113 272 830 55 4214 2649 540 180 121 2561 202 377 1820 35700
leaf_count=1210 345 389 1869 1788 556 621 8496 83 392 574 1977 6638 589 597 2162 12798 113 272 830 55 4214 2649 540 180 121 2561 202 377 1820 35700
internal_value=-8.48524e-06 0.000143983 0.00146705 0.00336334 0.00235881 -4.29662e-05 -0.0012555 0.00780536 -0.00493788 -0.00731231 0.000152349 0.000229669 -0.00756818 0.00111758 0.000105115 0.000241837 0.00254862 0.0071273 -0.000652268 0.012274 -7.06272e-05 1.71897e-05 -0.00122533 0.00241668 0.00630811 0.00286399 -0.000647702 0.00336639 -8.46277e-05 -0.000169893
internal_weight=90718 88919 11041 4958 4054 77878 10839 904 1513 966 67039 65062 1799 3226 61767 55129 3295 828 9326 444 6083 42331 1137 2089 301 3182 547 460 39682 37520
internal_count=90718 88919 11041 4958 4054 77878 10839 904 1513 966 67039 65062 1799 3226 61767 55129 3295 828 9326 444 6083 42331 1137 2089 301 3182 547 460 39682 37520
is_linear=0
shrinkage=0.05


Tree=2
num_leaves=31
num_cat=0
split_feature=1 0 53 79 16 76 5 87 1 116 125 36 8 82 112 18 50 38 32 79 17 142 158 117 12 2 121 53 52 111
split_gain=48.0801 7.79761 8.05046 7.6872 20.2108 7.03716 6.12675 5.40622 4.9255 4.21657 3.47056 3.22285 3.50407 8.14008 3.91116 2.77871 2.71511 2.6141 3.44397 4.36878 2.83648 2.61282 2.54167 2.40644 2.0575 1.92001 1.83163 1.82579 1.77861 1.64961
threshold=0.12111108377575876 -0.071069378405809389 1.1601572632789614 0.45000000298023229 1.3891803026199343 0.11666667088866235 0.032942539080977447 -0.40833333134651179 0.14629016071558001 0.70381712913513195 -0.22991377115249631 0.62338882684707653 -0.75574278831481922 0.025000001303851608 0.058333335444331176 1.0550398826599123 0.80116873979568493 -0.0048547792248427859 0.0058524790219962606 0.15000000223517421 0.72176364064216625 1.3074900507926943 0.49440438766441397 0.5332573950290681 0.99853709340095531 -0.50000247359275807 0.30622552335262304 1.06321656703949 0.66335058212280285 0.083333335816860213
decision_type=2 2 2 2 10 2 2 2 2 10 10 10 2 2 2 2 2 10 10 2 8 10 10 8 2 2 10 2 2 2
left_child=1 2 -1 4 6 10 9 15 -2 17 -6 12 13 14 -9 -5 -14 20 -19 -20 -3 -10 24 -8 -21 -11 -13 -16 -12 -26
right_child=8 3 -4 7 5 -7 23 11 21 25 28 26 16 -15 27 -17 -18 18 19 22 -22 -23 -24 -25 29 -27 -28 -29 -30 -31
leaf_value=0.00073874255329625356 -0.003724461783178837 -0.0023758845208608718 0.0090043452822192727 0.00049328026701956588 0.0033737177827646496 0 0.0014280069945328429 -0.0025346565819994483 -0.0086789570319717874 0.0060690870055953965 0 0.0026645947722108497 -0.0027936600551624448 -0.00099443081054304472 -0.011042140905652979 0.003465504273442329 -0.00042267254871758832 0.00064162437820343052 0.00023432298564110985 0.002722544133726005 0.00016538965577347212 -0.0036296881568705433 -0.00060954336898199235 -0.0031573103050582443 0.003978893507137286 0.002016551033388402 8.2677280777042128e-05 -0.0022854587755217737 0.013450891466202212 0.010911415820233882
leaf_weight=739 1475 1256 506 10306 140 184 337 390 1457 351 21 753 1280 3530 386 860 24415 19173 758 251 8531 359 128 1488 158 2468 8328 89 486 311
leaf_count=739 1475 1256 506 10306 140 184 337 390 1457 351 21 753 1280 3530 386 860 24415 19173 758 251 8531 359 128 1488 158 2468 8328 89 486 311
internal_value=-8.33715e-06 0.000213982 0.00414275 0.000156729 0.000714509 0.00842103 0.000530972 -0.000241652 -0.00594104 0.000686354 0.0108719 -0.000519052 -0.00076867 -0.0020772 -0.00643193 0.000726967 -0.000542834 0.000513607 0.000831319 0.00306304 -0.000155842 -0.00771085 0.00552939 -0.0022829 0.00668944 0.00254085 0.000302546 -0.00951471 0.0128333 0.00869576
internal_weight=90914 87623 1245 86378 36041 831 35210 50337 3291 33385 647 39171 30090 4395 865 11166 25695 30566 20779 1606 9787 1816 848 1825 720 2819 9081 475 507 469
internal_count=90914 87623 1245 86378 36041 831 35210 50337 3291 33385 647 39171 30090 4395 865 11166 25695 30566 20779 1606 9787 1816 848 1825 720 2819 9081 475 507 469
is_linear=0
shrinkage=0.05


Tree=3
num_leaves=31
num_cat=0
split_feature=1 0 53 89 84 16 82 8 5 36 37 92 139 25 16 25 16 82 116 102 48 102 5 107 82 82 5 37 17 8
split_gain=46.6695 7.57982 8.34161 6.89522 5.91447 16.7621 5.43839 7.21992 3.61136 3.41801 3.30235 3.28362 3.24821 3.10228 2.98919 2.60734 2.9132 3.51162 2.58111 2.18464 2.17579 2.0223 1.99763 1.84703 1.79307 1.70845 1.62217 1.57295 1.48789 1.64008
threshold=0.13043481856584552 -0.071069378405809389 1.1601572632789614 0.45607632398605352 1.0000000180025095e-35 1.432964622974396 0.025000001303851608 -0.72414091229438771 0.046875042840838439 0.8346342444419862 0.75192624330520641 0.45977304875850683 0.84619471430778515 0.095919534564018263 1.2459780573844912 0.082126095890998854 1.3697667121887209 0.058333335444331176 0.70381712913513195 0.55833333730697643 0.91016754508018505 0.4916666597127915 0.044628545641899116 0.42499999701976782 0.5416666865348817 0.058333335444331176 0.010142436251044275 0.88958200812339794 0.81317594647407543 -0.62500280141830433
decision_type=2 2 2 8 2 10 2 2 2 10 10 10 8 10 8 8 10 2 10 2 2 2 2 2 2 2 2 10 8 2
left_child=1 2 -1 4 10 8 7 11 9 14 20 21 -2 -7 -6 16 18 -18 24 -9 -3 -5 -14 -17 27 -16 28 -8 29 -22
right_child=12 3 -4 6 5 13 15 19 -10 -11 -12 -13 22 -15 25 23 17 -19 -20 -21 26 -23 -24 -25 -26 -27 -28 -29 -30 -31
leaf_value=0.00048935810167840545 -0.0081556265244811695 -0.0017705053484034416 0.0086705093426259414 -0.0031813824343606199 0.00066060629993033295 0.013320881944285266 -0.00038349822111321446 -0.00023090180411292064 -0.0043330044798298136 0.0029709505018434591 0.0013637011200090551 -0.0025340121535070582 -0.0017807217593436096 0 0.0063039848197540167 -0.0023151561630489247 0.010326150582865783 0.0010613613000784357 0.0024456212244969005 -0.0027115399926694703 -0.0051815603402621448 -0.010193082135559563 -0.0067159116577563422 -0.00044102254317836682 0.00049643783393530879 0.0014483817895485482 0.00065691520264652228 0.0023717043808401512 -0.00014905798647918558 -0.00050797000057807031
leaf_weight=755 1592 1828 547 175 11457 340 20671 3659 295 2341 4524 580 461 57 381 1915 148 376 1070 1195 317 381 430 4496 10097 410 6824 526 12293 527
leaf_count=755 1592 1828 547 175 11457 340 20671 3659 295 2341 4524 580 461 57 381 1915 148 376 1070 1195 317 381 430 4496 10097 410 6824 526 12293 527
internal_value=-7.5006e-06 0.000182332 0.00396884 0.000124968 0.000590158 0.00137287 -0.000301169 -0.0017049 0.00109829 0.00121183 0.000133673 -0.00529986 -0.00676697 0.0115129 0.000871307 -8.59004e-05 9.25304e-05 0.00378806 3.10367e-05 -0.000852338 -0.000119471 -0.0080856 -0.00422338 -0.00100891 -5.00002e-05 0.00385531 2.93048e-05 -0.000312661 -0.000292926 -0.00232656
internal_weight=90668 88185 1302 86883 41594 15281 45289 5990 14884 14589 26313 1136 2483 397 12248 39299 32888 524 32364 4854 21789 556 891 6411 31294 791 19961 21197 13137 844
internal_count=90668 88185 1302 86883 41594 15281 45289 5990 14884 14589 26313 1136 2483 397 12248 39299 32888 524 32364 4854 21789 556 891 6411 31294 791 19961 21197 13137 844
is_linear=0
shrinkage=0.05


Tree=4
num_leaves=31
num_cat=0
split_feature=1 0 79 16 25 28 81 87 11 23 158 80 27 81 81 17 87 28 81 25 158 158 79 38 17 38 12 10 139 116
split_gain=37.7075 7.15857 6.64973 14.3008 7.28181 5.9369 5.08607 4.68473 4.62735 4.3245 4.04554 3.71273 3.63552 3.51601 8.35562 6.07715 3.43832 2.99667 2.65466 2.57172 2.45125 2.67978 2.35667 2.29197 2.43461 2.25562 2.1357 2.0888 1.93371 1.89544
threshold=0.12111108377575876 -0.071069378405809389 0.45000000298023229 1.3891803026199343 0.089705541729927077 -0.042208231985568993 0.21666666865348819 -0.30833333730697626 0.8845697045326234 0.046497343108057983 0.49502082403688835 0.52500000596046459 0.10576764494180681 0.21666666865348819 0.25000000745058065 0.83982810378074657 0.85833334922790538 -0.025126969441771504 0.25000000745058065 0.094869870692491545 0.49537325355373285 0.49525779210098897 0.15000000223517421 0.0045504178851842889 0.69215101003646862 -0.00025240497780032451 0.9986228644847871 1.0481810569763186 1.0569998621940615 0.70381712913513195
decision_type=2 2 2 10 8 8 2 2 2 8 10 2 10 2 2 10 2 10 2 8 10 10 2 8 8 10 2 2 10 10
left_child=1 5 3 6 11 -1 9 17 28 10 12 -5 -3 29 15 26 -8 27 -18 -10 21 23 -14 24 -16 -24 -15 -4 -2 -9
right_child=8 2 7 4 -6 -7 16 13 19 -11 -12 -13 22 14 20 -17 18 -19 -20 -21 -22 -23 25 -25 -26 -27 -28 -29 -30 -31
leaf_value=0.0081255836544730179 -0.0077176694816757322 0.0013023983956817961 0.001491845410691683 0.011609611807507463 -0.00022587548541948841 0.0010019708005123381 0.00019690779465502022 -5.5824226304038795e-05 -0.00079702211227484414 -0.00097278815585648412 -0.00052331510801814152 0 0.001529416858075698 -0.0029981836823055582 -0.0052324975542491934 -0.0015053399782517906 -0.0071022782346400887 0.0002857668572945329 -0.0013093249054701385 -0.0051213430281238995 0.00069830956851889552 -0.0040783337729620728 0.0023486504290289138 9.2721365677585467e-06 -0.0010632740077429531 0.0058055755060510989 -0.0097537186268406625 0.0056773824471042815 -0.0022155779022363107 0.0029355645651172168
leaf_weight=510 1532 7884 1289 519 231 729 18011 15282 666 1960 1999 89 1269 185 370 796 233 11868 1593 787 2797 641 895 5929 9645 1181 503 412 209 547
leaf_count=510 1532 7884 1289 519 231 729 18011 15282 666 1960 1999 89 1269 185 370 796 233 11868 1593 787 2797 641 895 5929 9645 1181 503 412 209 547
internal_value=9.5049e-06 0.000205161 0.00015025 0.0006707 0.00712246 0.00397872 0.000514526 -0.000220109 -0.0053251 0.00120311 0.00152935 0.00999223 0.00189923 -0.000514356 -0.000940735 -0.00456114 -1.01973e-05 0.000571924 -0.00207936 -0.00317554 -0.000660735 -0.000892976 0.00329018 -0.000761531 -0.0012228 0.00434116 -0.00801674 0.00253774 -0.00708752 4.4569e-05
internal_weight=90561 87367 86128 35864 839 1239 35025 50264 3194 15188 13228 608 11229 36695 20866 1484 19837 13569 1826 1453 19382 16585 3345 15944 10015 2076 688 1701 1741 15829
internal_count=90561 87367 86128 35864 839 1239 35025 50264 3194 15188 13228 608 11229 36695 20866 1484 19837 13569 1826 1453 19382 16585 3345 15944 10015 2076 688 1701 1741 15829
is_linear=0
shrinkage=0.05


Tree=5
num_leaves=31
num_cat=0
split_feature=1 47 48 81 81 82 100 82 0 71 41 5 8 44 17 38 111 80 152 82 28 10 105 43 90 10 14 158 158 5
split_gain=35.9097 5.9612 9.1322 6.13729 12.3314 16.4309 5.82278 5.38552 4.33836 4.03551 4.00733 3.94413 3.66802 3.33138 3.08137 3.16987 3.03666 2.68396 2.56912 2.48516 2.35689 2.33357 1.96142 2.18034 1.93477 1.76578 1.71147 1.66425 1.94613 1.61394
threshold=0.12535332143306735 1.4727565050125124 0.92980691790580761 0.21666666865348819 0.25000000745058065 0.025000001303851608 0.47499999403953558 0.058333335444331176 -0.062028249725699418 0.6754380762577058 0.044606028124690063 0.037703869864344604 -0.1999947056174278 1.0941034555435183 0.78965985774993908 0.0092307585291564482 0.21666666865348819 0.22500000149011615 0.50675237178802501 0.075000002980232253 -0.038855765014886849 1.0187500119209292 0.47499999403953558 1.1446232795715334 0.50888320803642284 1.0317603945732119 0.98540019989013683 0.49537325355373285 0.49525779210098897 0.03637411072850228
decision_type=2 2 2 2 2 2 2 2 2 2 10 2 2 2 10 10 2 2 10 2 8 2 2 2 8 2 10 10 10 2
left_child=1 3 13 9 5 21 8 10 -4 24 -8 20 16 19 15 25 -11 -15 -9 -3 -2 -5 23 -10 -1 -6 -16 28 -28 -14
right_child=11 2 6 4 14 -7 7 18 22 12 -12 -13 29 17 26 -17 -18 -19 -20 -21 -22 -23 -24 -25 -26 -27 27 -29 -30 -31
leaf_value=0.00067392248453960384 -0.0067340936465033127 0.0076520206227958694 0.005806173511045544 -0.0048064624144847148 -0.00095044762308859037 -0.0012921329239029592 0.0035827276989632501 0.00030208864819772753 0.0030278658670639357 0.0014284984874886903 0.011712221817284018 -0.0069467604835506489 0.0008546151435999057 -0.0045242480312904371 0.00054245029728132779 0.00052128414884687515 0.0043238069058189341 -0.00080432621053894409 0.0041656735077037401 0.00033218704809519212 -0.0013272351914838385 -0.011552676011416236 0.0011219234679694964 -0.0041340845877130055 -0.00037281512446288718 -0.0029975314986434415 -0.00030656124625748349 0.00068555261502590528 -0.0034270295217745843 -0.0015684347284181241
leaf_weight=7616 298 154 474 208 2477 2350 304 717 139 2650 357 1815 8967 687 12180 1971 1445 1808 1198 527 726 552 4449 377 10465 1973 18269 4369 517 730
leaf_count=7616 298 154 474 208 2477 2350 304 717 139 2650 357 1815 8967 687 12180 1971 1445 1808 1198 527 726 552 4449 377 10465 1973 18269 4369 517 730
internal_value=7.15265e-06 0.00018643 0.00126454 2.85412e-05 -0.000347649 -0.00338508 0.00216554 0.00413165 0.00122458 0.000559648 0.00805998 -0.00552595 0.001204 -0.000993469 -0.000120147 -0.00112805 0.00246318 -0.00185004 0.00274611 0.00206959 -0.00295453 -0.00978079 0.000776032 -0.00210596 6.53348e-05 -0.00186977 6.16192e-05 -0.000189161 -0.000395277 0.000666907
internal_weight=90769 87930 11191 76739 44866 3110 8015 2576 5439 31873 661 2839 13792 3176 41756 6421 4095 2495 1915 681 1024 760 4965 516 18081 4450 35335 23155 18786 9697
internal_count=90769 87930 11191 76739 44866 3110 8015 2576 5439 31873 661 2839 13792 3176 41756 6421 4095 2495 1915 681 1024 760 4965 516 18081 4450 35335 23155 18786 9697
is_linear=0
shrinkage=0.05


Tree=6
num_leaves=31
num_cat=0
split_feature=12 32 39 82 0 19 82 12 53 132 147 125 5 142 25 114 79 78 82 158 14 17 25 116 112 17 38 32 38 28
split_gain=26.8241 6.62026 7.90985 6.10627 6.52524 5.56964 4.61433 5.42115 5.28743 4.28377 3.68847 3.87812 3.74527 3.59404 2.72614 2.70369 2.69111 2.98018 2.87109 2.66511 2.66343 2.61261 2.48471 2.27401 2.17435 2.10109 1.88139 1.86257 2.54501 1.79781
threshold=0.95583620667457592 -0.0052938591688871375 -0.0037601781077682968 0.058333335444331176 -0.062028249725699418 1.0426821112632754 0.025000001303851608 1.0104984641075136 1.0552337169647219 1.3666864037513735 0.52183523774147045 0.28610455989837652 0.040992744266986854 1.1372371315956118 0.086211711168289198 0.49572861194610601 0.25000000745058065 0.90000000596046459 0.058333335444331176 0.49750623422250345 0.84566068649292003 0.92617973685264599 0.084571886807680144 0.70381712913513195 0.025000001303851608 0.65963563323020946 0.010352666955441238 0.0043725036084651956 -0.00048581279406789685 -0.0068965498358011237
decision_type=2 8 10 2 2 2 2 2 2 2 10 10 2 10 10 8 2 2 2 8 8 8 10 8 2 8 8 10 10 8
left_child=15 2 3 5 -5 13 7 25 9 -9 11 16 -13 -2 24 -1 17 18 -8 -11 -14 -21 23 -12 -6 -3 -4 -20 -29 -18
right_child=1 6 26 4 14 -7 10 8 -10 19 22 12 20 -15 -16 -17 29 -19 27 21 -22 -23 -24 -25 -26 -27 -28 28 -30 -31
leaf_value=-0.007250717191017041 0.012888426101092476 -0.0023065140874675163 -0.00057152857684770076 0.0071937212355854749 0.0012028767861169518 0.0015841605251315377 0.0038623109286667736 -0.0022367877793319359 0.00012844175268712985 0.00039707090359410976 -0.00053949159278715477 0.0015735546329332228 -0.0079337588207991586 0.0023238215418214993 -0.0013749819539580074 -0.0026783583228302443 0.00029412383983538556 -0.00052730551960179686 0.00062439517293882507 -0.010915837160008655 0 -0.0031232608267665464 -0.0019064505547960126 0.00208194486014722 0.0054305727003378032 -8.9114716279513947e-05 0.0013490802500125184 0 0.0052076527336696859 -0.0004051320378117309
leaf_weight=1316 361 1266 3557 521 1607 313 946 734 741 76 7581 7494 173 120 794 483 16327 3206 6830 457 277 168 3126 923 392 7180 1979 388 550 20927
leaf_count=1316 361 1266 3557 521 1607 313 946 734 741 76 7581 7494 173 120 794 483 16327 3206 6830 457 277 168 3126 923 392 7180 1979 388 550 20927
internal_value=-9.61025e-06 0.000112035 0.00134913 0.0030116 0.00204539 0.00697386 -3.76659e-05 -0.00100798 -0.00323631 -0.00500749 0.000111538 0.000277427 0.00130298 0.0103668 0.0010649 -0.00605307 0.000110709 0.000765059 0.00124628 -0.00783007 -0.00308554 -0.0089094 -0.000698838 -0.000248878 0.00205922 -0.000427641 0.000106137 0.000920804 0.00302288 -9.73332e-05
internal_weight=90813 89014 9644 4108 3314 794 79370 10622 2176 1435 68748 57118 7944 481 2793 1799 49174 11920 8714 701 450 625 11630 8504 1999 8446 5536 7768 938 37254
internal_count=90813 89014 9644 4108 3314 794 79370 10622 2176 1435 68748 57118 7944 481 2793 1799 49174 11920 8714 701 450 625 11630 8504 1999 8446 5536 7768 938 37254
is_linear=0
shrinkage=0.05


Tree=7
num_leaves=31
num_cat=0
split_feature=1 89 32 28 81 30 17 81 81 8 82 147 130 92 25 15 87 18 124 12 45 5 19 44 82 55 128 79 16 132
split_gain=30.3453 6.06653 4.76202 4.93692 4.93175 3.24288 3.19519 4.01526 3.17537 4.30413 3.00502 2.49663 2.45737 2.39009 2.37066 2.91912 2.24406 2.20921 2.18497 1.78998 1.7131 1.69065 1.6572 1.52858 1.51504 1.50604 1.66644 1.4909 1.54932 1.34959
threshold=0.13785236328840259 0.45141318440437322 -0.0054802712984383098 0.0003889160580001772 0.18333333730697635 -0.002348445355892181 0.78395977616310131 0.18333333730697635 0.31666667759418493 -0.6666644513607024 0.075000002980232253 0.49677772819995886 0.82325774431228649 0.56086713075637828 0.14468673616647723 0.88523727655410778 0.85833334922790538 1.1198952198028567 0.43493232131004339 1.0030677914619448 1.1120411753654482 0.01937241014093161 1.0585190653800967 1.0941034555435183 0.17500000447034839 1.2770664095878603 1.0829733014106753 0.25000000745058065 1.3363880515098574 0.64497858285903942
decision_type=2 8 10 10 2 10 10 2 2 2 2 10 2 10 10 10 2 2 8 2 2 2 2 2 2 2 2 2 8 2
left_child=1 2 3 5 14 -1 7 20 9 13 22 -12 -2 -9 15 19 27 18 -8 -4 21 -3 -7 24 -5 -22 -27 28 -6 -20
right_child=12 6 4 23 16 10 17 8 -10 -11 11 -13 -14 -15 -16 -17 -18 -19 29 -21 25 -23 -24 -25 -26 26 -28 -29 -30 -31
leaf_value=0.0018481885782003242 -0.0040879850623626425 0.0014407197132396694 0.0015273355092470459 0.0061477679129461173 0.00062422899433427692 0.011573359757945267 -0.00019593432775663334 -0.011181596885390509 -0.0010465096649976662 -0.0023303253033573955 0.0052971861414790834 0 -0.0076525130473628052 -0.0026544411764572598 -0.0038283142813158692 0.00072815194503977583 -0.0022061624174190566 0.0043235639730557695 3.1168960893954063e-05 0.0037387663252318563 -0.0012161424162054854 -0.0010413493303427551 0.00050086509705019684 -0.0015007761410629778 0.00030419132147158475 0.013178413992404546 0 -0.00016298646014680873 0.0059108917881204783 0.0018227116538366527
leaf_weight=2203 1067 2287 2593 142 5589 229 30194 259 3460 1491 741 310 1061 147 227 8524 1138 291 2021 1534 2770 956 51 978 594 37 65 17259 144 2329
leaf_count=2203 1067 2287 2593 142 5589 229 30194 259 3460 1491 741 310 1061 147 227 8524 1138 291 2021 1534 2770 956 51 978 594 37 65 17259 144 2329
internal_value=6.83009e-06 0.000149184 0.000582734 0.00199437 0.000381153 0.00306297 -0.000245361 -0.000969091 -0.00196881 -0.00362324 0.00503318 0.00372269 -0.00589147 -0.00823114 0.00117133 0.00126529 -3.85167e-05 -5.56363e-06 -4.36039e-05 0.00236214 -8.49407e-05 0.000693525 0.00974348 -0.000180254 0.00150627 -0.000981306 0.00486056 6.66887e-05 0.000766746 0.00100206
internal_weight=90691 88563 42256 5248 37008 3534 46307 11472 5357 1897 1331 1051 2128 406 12878 12651 24130 34835 34544 4127 6115 3243 280 1714 736 2872 102 22992 5733 4350
internal_count=90691 88563 42256 5248 37008 3534 46307 11472 5357 1897 1331 1051 2128 406 12878 12651 24130 34835 34544 4127 6115 3243 280 1714 736 2872 102 22992 5733 4350
is_linear=0
shrinkage=0.05


Tree=8
num_leaves=31
num_cat=0
split_feature=1 0 53 79 16 25 5 81 87 158 27 50 81 82 74 81 81 82 38 158 53 158 82 82 32 52 9 1 158 109
split_gain=28.113 5.51185 5.39689 4.80422 12.188 6.33646 4.53269 5.39869 4.21449 3.55328 3.57465 3.54356 3.3116 4.92078 3.12972 2.81394 5.50019 7.20451 2.49914 2.38441 2.25324 2.22875 2.18206 2.60068 2.15972 2.0216 1.7467 1.68248 1.65477 1.54058
threshold=0.12535332143306735 -0.071069378405809389 1.1601572632789614 0.45000000298023229 1.3521531224250796 0.095919534564018263 0.026472804136574272 0.21666666865348819 -0.40833333134651179 0.49502082403688835 0.10644086077809335 0.92100217938423168 0.25000000745058065 0.025000001303851608 0.94999998807907116 0.21666666865348819 0.25000000745058065 0.025000001303851608 -0.01350314589217305 0.49537325355373285 1.0783929824829104 0.49502082403688835 0.15833333879709247 0.10833333432674409 0.00052472480456344794 0.74406939744949352 1.0346482992172243 0.076524768024683013 0.49453732739939654 0.25000000745058065
decision_type=2 2 2 2 10 8 2 2 2 10 10 2 2 2 2 2 2 2 10 10 2 8 2 2 8 2 2 2 10 2
left_child=1 2 -1 4 6 11 7 9 20 10 29 -6 13 -9 26 -10 17 -17 -12 21 -5 28 23 -20 -8 -23 -2 -26 -18 -3
right_child=14 3 -4 8 5 -7 24 12 15 -11 18 -13 -14 -15 -16 16 19 -19 22 -21 -22 25 -24 -25 27 -27 -28 -29 -30 -31
leaf_value=0.0006273724259599011 -0.0060617826318869715 0.00065917025269689113 0.0073272541527385883 0.00041903433125161694 0.010503954492624713 -0.00072599025095906899 0.0012438337485050559 -0.0082276742131090919 6.806678569872816e-05 -0.00055360986795213154 0 0.0018169172363944682 0.00022411872026314615 -0.00071305415309468002 -0.0015126808879969019 -0.0087489846824158231 -0.00088042610906680346 -0.0013432602083664619 0.003559948675807455 0.00071476491087854111 0.0027206869008848085 -0.0021489758982654035 0.0021928982067569215 0.0083546545242433063 -0.00056918502662540353 -0.00067528188353198305 0 -0.0032598695626574973 0.0033758192357306325 0.0022007227523277431
leaf_weight=741 2129 5804 527 9985 544 237 592 283 16394 2042 570 169 17168 1019 589 482 368 1095 1022 3034 1205 2840 1438 435 1106 14292 116 1358 541 2339
leaf_count=741 2129 5804 527 9985 544 237 592 283 16394 2042 570 169 17168 1019 589 482 368 1095 1022 3034 1205 2840 1438 435 1106 14292 116 1358 541 2339
internal_value=2.29519e-05 0.000182038 0.00345493 0.000133366 0.000573454 0.00616272 0.000420912 0.000597089 -0.000182123 0.0013512 0.0016906 0.00852035 3.70267e-05 -0.00238985 -0.00487684 -0.000428072 -0.000789339 -0.00364257 0.00304386 -0.000573302 0.000671578 -0.000792719 0.00363952 0.00503049 -0.00141402 -0.000922608 -0.00573613 -0.00207312 0.0015987 0.00110832
internal_weight=90464 87630 1268 86362 36126 950 35176 32120 50236 13650 11608 713 18470 1302 2834 39046 22652 1577 3465 21075 11190 18041 2895 1457 3056 17132 2245 2464 909 8143
internal_count=90464 87630 1268 86362 36126 950 35176 32120 50236 13650 11608 713 18470 1302 2834 39046 22652 1577 3465 21075 11190 18041 2895 1457 3056 17132 2245 2464 909 8143
is_linear=0
shrinkage=0.05


Tree=9
num_leaves=31
num_cat=0
split_feature=1 89 39 57 35 119 142 80 82 10 102 92 101 87 157 5 69 116 1 142 46 77 142 38 40 41 114 132 149 26
split_gain=25.5442 5.7449 4.03001 8.02967 3.82156 3.02571 2.77152 2.76755 2.66382 2.83926 2.86895 2.73743 2.56629 2.2828 1.95296 1.93985 1.88351 1.72251 2.2809 2.09035 1.69102 1.67723 1.63909 1.55602 1.47778 1.4653 1.45941 1.45868 1.39978 1.3396
threshold=0.13043481856584552 0.49460037052631384 -0.0063558558467775575 1.329002380371094 0.31106708943843847 0.59615370631217968 1.3110332489013674 0.075000001117587103 0.025000001303851608 1.0187500119209292 0.5416666865348817 0.35114757716655737 0.35000000894069677 0.85833334922790538 0.0070725837722420701 0.032942539080977447 0.72351196408271801 0.62206920981407177 0.080053396522998824 0.84930172562599193 1.072796702384949 0.69166666269302379 1.0263597965240481 -0.021205021068453785 -0.056249925866723054 -0.092697430402040468 0.5800367295742036 1.3424704670906069 0.48415817320346838 0.17536830157041552
decision_type=2 8 10 2 10 10 10 2 2 2 2 10 2 2 10 2 2 10 2 10 2 2 10 10 10 8 10 2 10 10
left_child=1 2 3 7 12 24 21 23 9 -3 25 28 -5 17 16 27 -10 19 -19 -9 -16 -2 -14 -1 -4 -11 -27 -15 -12 -6
right_child=6 8 5 4 29 -7 -8 13 14 10 11 -13 22 15 20 -17 -18 18 -20 -21 -22 -23 -24 -25 -26 26 -28 -29 -30 -31
leaf_value=-0.00083560089294342161 -0.0038944448989041199 -7.702357401397162e-05 -0.0029015661222140002 -0.0006482695065141835 0.0030306107637668111 -0.00044062595503093323 -0.001883987937348508 0.0050821344911911072 1.5953039455438768e-05 0.0023072714886215968 -0.00310040677712833 -0.0023782072785431831 0.0094742914471338067 0.00049310990476135062 6.2733080620532247e-05 -0.0057837559334731848 0.0014298000177572195 0.0030875266053173168 -0.0030068589552145826 0.00024781119538171099 -0.00091371689740907074 -0.0071789679057466362 0.0048642766627041319 0.0022211542015794809 0.00071187609528587962 -0.0027234945978805245 0.0003878186499857144 -0.0041372512615842948 -0.0099054834375170119 -0.00079732647550748896
leaf_weight=445 722 2638 283 108 695 12538 589 229 16126 256 142 708 429 656 7554 240 2773 1158 168 10614 10430 1170 486 3581 13418 1113 530 223 267 313
leaf_count=445 722 2638 283 108 695 12538 589 229 16126 256 142 708 429 656 7554 240 2773 1158 168 10614 10430 1170 486 3581 13418 1113 530 223 267 313
internal_value=-6.60619e-06 0.000133738 0.000524104 0.00107194 0.00405075 0.000118278 -0.00500959 0.000719407 -0.000283417 -0.00129487 -0.00234314 -0.00436867 0.00622284 0.000366697 -0.000126979 -0.00178273 0.000226113 0.000568586 0.00227602 0.00035498 -0.000500808 -0.0059547 0.00708826 0.00187075 0.000633383 -0.00112372 -0.00168981 -0.000628149 -0.00767812 0.00179281
internal_weight=90602 88121 45584 19345 2031 26239 2481 17314 42537 5654 3016 1117 1023 13288 36883 1119 18899 12169 1326 10843 17984 1892 915 4026 13701 1899 1643 879 409 1008
internal_count=90602 88121 45584 19345 2031 26239 2481 17314 42537 5654 3016 1117 1023 13288 36883 1119 18899 12169 1326 10843 17984 1892 915 4026 13701 1899 1643 879 409 1008
is_linear=0
shrinkage=0.05


Tree=10
num_leaves=31
num_cat=0
split_feature=11 89 32 28 81 81 82 30 82 17 38 79 82 0 15 52 12 82 81 18 139 145 114 8 52 81 92 12 24 30
split_gain=20.5421 5.2032 4.26249 5.22605 4.73243 3.45147 6.95003 3.16923 3.09781 2.94599 2.52275 2.30493 2.78045 2.15551 2.14479 2.12137 2.06957 2.15529 1.86434 1.83764 1.79384 1.73266 1.69727 1.65139 1.64198 1.49987 1.73052 2.17319 1.48606 1.46456
threshold=0.89296352863311779 0.53139176964759838 -0.00454028695821762 -0.0025519477203488346 0.21666666865348819 0.25000000745058065 0.025000001303851608 -0.0016152936732396481 0.058333335444331176 0.78707411885261547 -0.016064930707216259 0.45000000298023229 0.058333335444331176 -0.049129882827401154 0.98787754774093639 0.8388943374156953 1.0023646950721743 0.24166666716337207 0.15000000596046451 1.0427297353744509 0.92440375685691845 0.51413440704345714 0.71746617555618297 0.41666953265666967 0.58729195594787609 0.58333334326744091 0.47047181427478796 1.0048517584800722 0.080997757613658919 0.0015612064744345846
decision_type=2 8 10 10 2 2 2 10 2 10 10 2 2 2 8 2 2 2 2 2 10 10 8 2 2 2 10 2 10 8
left_child=20 2 3 7 14 6 -6 -2 21 10 24 12 -5 -10 16 -13 -4 19 23 -18 -1 -9 -11 -12 -3 26 27 -20 -15 -24
right_child=1 9 4 11 5 -7 -8 8 13 22 18 15 -14 28 -16 -17 17 -19 25 -21 -22 -23 29 -25 -26 -27 -28 -29 -30 -31
leaf_value=-0.0057251174423867722 0.0016320980274564701 -0.0049980497557926759 0.00078102189340651523 0.0071951584388053316 -0.0082650778527104639 -3.0211894943143843e-05 -0.00045094161445116958 0.011184669574642363 0.0064243843789783955 -0.00022138005027214858 0.0010062503146251651 -0.0033268007538104841 0.0004993862703155733 0.002664787671206256 0.00011971778390666195 8.1674603925078774e-05 0.00382111718381305 0.00088847261385050511 -0.0017706836778268943 -0.00036427122305020504 -0.0020230917023141884 0 0.002589400167735493 -0.0010547897870626913 -0.0016884317945585828 0.00022937583421646704 -0.0010581563425712439 -0.0065426895948325252 -0.0036529829718638211 0.00032069059220641042
leaf_weight=1616 2764 574 6757 204 388 23589 1119 231 408 25692 2210 651 720 761 5755 1433 1951 1762 686 278 470 51 968 1726 1315 985 2002 404 99 2939
leaf_count=1616 2764 574 6757 204 388 23589 1119 231 408 25692 2210 651 720 761 5755 1433 1951 1762 686 278 470 51 968 1726 1315 985 2002 404 99 2939
internal_value=-1.28003e-05 0.00010237 0.000447448 0.00156112 0.000250191 -0.000180614 -0.00250011 0.00267647 0.00450434 -0.000323735 -0.00107061 -2.22292e-05 0.00203791 0.00338286 0.000908314 -0.000960169 0.00132586 0.00223536 -0.000674616 0.00327677 -0.00491633 0.00934059 -7.21608e-05 8.97123e-05 -0.00272267 -0.00142461 -0.00196758 -0.0035896 0.00187604 0.0008961
internal_weight=90508 88422 48921 7322 41599 25096 1507 4314 1550 39501 9902 3008 924 1268 16503 2084 10748 3991 8013 2229 2086 282 29599 3936 1889 4077 3092 1090 860 3907
internal_count=90508 88422 48921 7322 41599 25096 1507 4314 1550 39501 9902 3008 924 1268 16503 2084 10748 3991 8013 2229 2086 282 29599 3936 1889 4077 3092 1090 860 3907
is_linear=0
shrinkage=0.05


Tree=11
num_leaves=31
num_cat=0
split_feature=1 152 16 56 58 81 81 82 12 111 23 3 91 158 76 142 79 142 8 49 82 12 43 25 17 39 38 127 158 158
split_gain=20.6863 4.03435 6.06811 6.91351 4.05376 3.75516 5.97235 8.23193 2.76178 3.35978 3.03261 2.55916 2.12982 1.87573 1.84828 2.33935 2.55468 1.84366 1.78607 1.76588 1.74572 1.74236 1.741 1.55187 1.5025 1.46599 1.69517 2.27087 1.31327 1.30932
threshold=0.13785236328840259 0.51085945963859569 1.3109498620033266 1.1717621088027956 1.0424644351005556 0.21666666865348819 0.25000000745058065 0.025000001303851608 0.99882045388221752 0.21666666865348819 0.052489481866359718 0.030271901749074463 0.53990569710731517 0.99010677344010689 0.050000002607703216 0.80640169978141796 0.35000000894069677 1.4584803581237795 0.23529455810785296 0.93184813857078563 0.20833333581686023 1.0092795491218569 1.0966683626174929 0.10090292245149614 1.2275903224945071 0.0079753114841878432 0.0049579760525375613 0.18461758643388751 0.49494046973737787 0.49474780719531775
decision_type=2 10 10 2 2 2 2 2 2 2 10 2 8 8 2 10 2 10 2 2 2 2 2 8 8 8 10 10 10 10
left_child=1 5 4 -4 12 8 7 18 23 25 13 14 -3 -11 15 16 -8 -2 29 -5 21 -14 -13 28 -6 26 -10 -28 -1 -7
right_child=17 2 3 19 24 6 11 -9 9 10 -12 22 20 -15 -16 -17 -18 -19 -20 -21 -22 -23 -24 -25 -26 -27 27 -29 -30 -31
leaf_value=0.00027683432943566126 -0.0055077054752530087 0.00072379098306716715 0.0080090360896092391 -0.0002909047751608283 0 -0.0097649598329066205 0.011869752758906948 -0.0011060096627514345 0.0004116002879817755 0 -0.0018653567927415919 -0.00054166553303543468 -0.00069040231836814598 0.0037933514176957243 -0.0002557095511585716 0.00064684973695696411 -0.00033689470156022009 -0.0012615936437667657 -0.0015275437376453533 0.0026755143625599629 0.00016839878091405797 -0.0039206233895575917 -0.0028815732254081705 -0.001906326632649517 0.0061270731998858347 -0.0005825227782976591 0.0010629239025429071 0.0052818288913840661 -0.0010687751352725292 0.00036438262322917585
leaf_weight=9051 1799 12210 535 751 141 473 98 1811 6567 396 336 1907 2584 1880 27269 3586 62 336 110 1355 7312 514 1449 1168 413 2513 1273 447 2266 24
leaf_count=9051 1799 12210 535 751 141 473 98 1811 6567 396 336 1907 2584 1880 27269 3586 62 336 110 1355 7312 514 1449 1168 413 2513 1273 447 2266 24
internal_value=-1.0381e-06 0.000115759 0.000642064 0.00291525 0.000380732 -0.00010019 -0.000425495 -0.00282891 0.000360004 0.000858785 0.00247207 -0.000254883 0.000274785 0.00313489 -0.000111203 0.000927177 0.0068564 -0.00486378 -0.00787671 0.00159432 -0.000247076 -0.00124357 -0.00156741 -0.000171833 0.00460821 0.000463786 0.00078714 0.00219083 2.91492e-06 -0.00917567
internal_weight=90636 88501 25815 2641 23174 62686 36789 2418 25897 13412 2612 34371 22620 2276 31015 3746 160 2135 607 2106 10410 3098 3356 12485 554 10800 8287 1720 11317 497
internal_count=90636 88501 25815 2641 23174 62686 36789 2418 25897 13412 2612 34371 22620 2276 31015 3746 160 2135 607 2106 10410 3098 3356 12485 554 10800 8287 1720 11317 497
is_linear=0
shrinkage=0.05


Tree=12
num_leaves=31
num_cat=0
split_feature=1 126 77 53 16 29 25 157 79 5 32 80 27 28 11 142 12 92 17 132 26 144 69 16 80 22 133 16 142 69
split_gain=19.4507 4.26917 4.23303 5.84652 3.60032 8.67806 3.072 2.98938 3.27932 3.07494 2.33639 2.15722 2.72062 2.14025 2.09342 2.00047 1.85118 2.29406 2.30204 1.63699 1.58662 1.50996 1.45642 1.43045 1.39081 1.34287 1.33978 1.29842 1.28441 1.28341
threshold=0.12111108377575876 0.41833338141441351 0.35833333432674414 1.1905371546745303 1.432964622974396 -0.0070288323331624261 0.097106881439685835 0.054768931120634086 0.25000000745058065 0.024495338089764122 0.0027818985981866722 0.12500000372529033 0.12363375350832941 -0.0068965498358011237 0.99188250303268444 0.91036164760589611 1.010058641433716 0.4812579900026322 0.85592272877693187 1.2444055676460268 0.17079202085733416 0.46311171352863317 0.2343593239784241 1.4102833271026614 0.22500000149011615 1.1327255964279177 0.20181570202112201 1.2248142361640932 1.4624803662300112 0.25207731127738958
decision_type=2 10 2 2 10 8 10 10 2 2 8 2 10 8 2 10 2 10 10 2 10 10 2 10 2 2 10 10 10 2
left_child=1 2 3 4 11 24 -7 8 9 23 26 12 -1 22 -3 -14 -15 18 19 -18 -5 -13 25 29 -6 -10 -2 -9 -12 -4
right_child=10 14 7 20 5 6 -8 27 13 -11 28 21 15 16 -16 -17 17 -19 -20 -21 -22 -23 -24 -25 -26 -27 -28 -29 -30 -31
leaf_value=0.00053962966958256314 -0.0041366747029827258 0.0012803121055896562 -0.00061460877352790882 0.0070604228610459778 -0.0034014102112830224 0.0096628262907796775 0 -0.0010388198794959089 -0.00042746443621923902 -0.0016533475104372882 -0.0051706492977269605 -0.00043283921946025137 0.0056763762571578067 -0.0004966671552499068 0.0046425580203649595 0.001664129108239089 -0.00259373557071816 -0.00033977644883798714 -0.0012345961947347404 -0.0080841543283466342 -0.0022589767232623903 0.00040853549044651155 0.00095357210900215428 0.0051529395651952505 0.0010566128659772872 0.00097873200637710735 7.568608560170077e-05 -0.0043176406934093614 -0.0017682204556982281 0.00099101819761357349
leaf_weight=5280 283 2889 1380 421 222 443 91 6196 9522 1334 1998 8873 478 15737 574 1054 286 1152 625 338 42 13298 3792 195 804 2052 497 329 379 10037
leaf_count=5280 283 2889 1380 421 222 443 91 6196 9522 1334 1998 8873 478 15737 574 1054 286 1152 625 338 42 13298 3792 195 804 2052 497 329 379 10037
internal_value=-6.12463e-06 0.000132544 6.09738e-05 0.000525426 0.000439023 0.00278218 0.00794565 -0.000209928 -6.80025e-05 0.000606459 -0.00386168 0.000311086 0.00108974 -0.000330118 0.00185323 0.00295149 -0.00069828 -0.00199815 -0.00348623 -0.00565589 0.00610423 6.95516e-05 0.000101223 0.000870494 4.09531e-05 -0.000173772 -0.00139196 -0.00121244 -0.00465015 0.000792526
internal_weight=90601 87444 83981 31006 30543 1560 534 52975 46450 12946 3157 28983 6812 33504 3463 1532 18138 2401 1249 624 463 22171 15366 11612 1026 11574 780 6525 2377 11417
internal_count=90601 87444 83981 31006 30543 1560 534 52975 46450 12946 3157 28983 6812 33504 3463 1532 18138 2401 1249 624 463 22171 15366 11612 1026 11574 780 6525 2377 11417
is_linear=0
shrinkage=0.05


Tree=13
num_leaves=31
num_cat=0
split_feature=11 38 17 9 121 79 27 28 79 142 90 17 2 81 81 147 32 11 79 40 132 112 79 142 100 141 39 130 34 11
split_gain=16.6717 3.91884 6.77755 4.84996 3.73626 3.44575 4.51056 3.25957 2.91572 2.84126 2.58716 2.71341 2.26184 2.03678 4.25597 1.72538 1.71582 4.72702 1.55762 1.54781 1.51678 1.45168 1.41514 2.62075 3.01365 1.84557 1.37974 1.35203 1.29218 1.28734
threshold=0.89296352863311779 0.0067068012431263932 0.65963563323020946 1.0767771601676943 0.3140340149402619 0.45000000298023229 0.17134615778923037 -0.048889720812439912 0.15000000223517421 1.2274543642997744 0.40323905646801 0.80544081330299389 -0.52626007795333851 0.21666666865348819 0.25000000745058065 0.49953979253768926 0.0052932503167539844 0.98222228884696972 0.15000000223517421 -0.039128175005316727 1.2809103131294253 0.12500000372529033 0.45000000298023229 0.91882112622261058 0.42499999701976782 0.82973870635032665 -0.035680718719959252 1.1255384087562563 0.88829553127288829 0.97064241766929638
decision_type=2 10 8 2 8 2 10 8 2 10 8 10 2 2 2 10 10 2 2 8 2 2 2 8 2 10 8 2 10 2
left_child=19 2 9 4 12 6 16 -5 20 -2 22 13 -4 -12 -15 -7 -3 18 -18 -1 -8 -19 23 24 -6 -24 29 -11 -13 -27
right_child=1 5 3 7 10 15 8 -9 -10 27 11 28 -14 14 -16 -17 17 21 -20 -21 -22 -23 25 -25 -26 26 -28 -29 -30 -31
leaf_value=-0.0058312902833885316 -0.0036430827002132621 0.00068745173522079055 0.0051010581434697624 0.00647093715363863 -0.0017515458726175444 0.00069924283378353363 -0.00013862483744656186 0.0010688494358858768 0.0076083037254930895 -0.0019980613307418894 -0.00040813920657188293 -0.00026629072435217939 0.0011108270416183511 -0.0073406952690526356 -0.0015606268866347683 -0.00029002569592325524 -0.00020872312785165392 0.002778560473262926 0.0032260607301430586 -0.002968985524303424 0.0058615604781856144 0.011054517416891091 -0.0020542323055445242 0.0006330425833098864 0.0073274297968252385 0.003716389223206243 -2.8138551241374494e-05 0.00064561094422883175 0.0013738229439569014 0.00046937976309611388
leaf_weight=1021 1766 7842 448 460 118 8353 303 782 449 1082 2832 26993 2008 372 2557 9248 766 101 548 1091 149 186 1006 6862 308 493 9536 835 1248 915
leaf_count=1021 1766 7842 448 460 118 8353 303 782 449 1082 2832 26993 2008 372 2557 9248 766 101 548 1091 149 186 1006 6862 308 493 9536 835 1248 915
internal_value=1.01723e-05 0.000115439 -0.00010968 2.39284e-05 -4.41236e-05 0.000605567 0.00133051 0.00311344 0.00472376 -0.00218825 -0.000132972 -0.000395811 0.00186082 -0.00138605 -0.00231405 0.000176629 0.00100099 0.00250414 0.00118708 -0.00437847 0.00173751 0.00833544 0.000328977 0.000878078 0.00469729 -1.76731e-06 0.000182503 -0.000820735 -0.000191996 0.00164361
internal_weight=90678 88566 60621 56938 55696 27945 10344 1242 901 3683 53240 34002 2456 5761 2929 17601 9443 1601 1314 2112 452 287 19238 7288 426 11950 10944 1917 28241 1408
internal_count=90678 88566 60621 56938 55696 27945 10344 1242 901 3683 53240 34002 2456 5761 2929 17601 9443 1601 1314 2112 452 287 19238 7288 426 11950 10944 1917 28241 1408
is_linear=0
shrinkage=0.05


Tree=14
num_leaves=31
num_cat=0
split_feature=1 16 56 15 15 80 121 80 82 80 12 80 5 51 82 37 22 1 48 117 82 39 43 147 53 112 141 88 38 80
split_gain=16.5347 3.37318 7.61429 6.40389 4.19976 3.62241 3.01524 3.46165 7.01143 5.52013 5.9646 2.95205 2.4205 2.36985 2.34435 2.26163 2.19324 2.09808 1.82741 1.81149 1.73078 1.63293 1.63208 1.62505 1.60409 1.51586 1.50115 1.48456 1.41569 1.38322
threshold=0.13785236328840259 1.2892321944236758 1.1418517827987673 1.0258497595787051 0.86676734685897838 0.075000001117587103 0.29238411784172064 0.37500000000000006 0.025000001303851608 0.27500000596046453 1.0062834024429324 0.62500000000000011 0.044628545641899116 0.92040008306503307 0.99166667461395275 0.89462208747863781 1.186828672885895 0.10514695569872858 0.92980691790580761 0.5745568871498109 0.15833333879709247 -0.00023238607536768538 1.1000604629516604 0.49402467906475073 1.091753423213959 0.058333335444331176 1.2542959451675417 0.88093233108520519 -0.022743347100913521 0.52500000596046459
decision_type=2 10 2 10 8 2 10 2 2 2 2 2 2 2 2 10 2 2 2 10 2 8 2 10 2 2 10 10 10 2
left_child=1 5 4 -4 -3 21 17 8 9 25 -11 20 15 -6 -13 16 -10 -7 -5 -14 -9 28 -16 29 -18 -8 -2 -12 -1 -20
right_child=26 2 3 18 13 6 7 11 12 10 27 14 19 -15 22 -17 24 -19 23 -21 -22 -23 -24 -25 -26 -27 -28 -29 -30 -31
leaf_value=-0.0007034978153682268 -0.0049048632354719447 -0.003709839281235066 -0.0040503035243427297 -0.00042401401038507812 0.0080511290325127952 0.0024505502329698376 0.00060182468194592122 0.0016298239900425912 -0.00040101428917925242 -0.0019944991863250863 -0.0095710068006368311 -0.00032386558270349809 0.00014922352944914667 0.0013205709660218824 0.00019377223148195905 0.0028374084376363868 -0.00079448618347519756 -0.0025260590968149929 0.0052914166867512862 -0.0051685618234009129 0.00031758702954003012 0.00013478784222650803 0.0030410735384550874 0.00048082235789816087 0.0053855643335499444 -0.0021627209210796469 -0.0011889164621408255 0 0.0013191579256931329 0.0019469555533940816
leaf_weight=928 1800 105 673 1314 645 1673 749 3824 18042 689 581 26097 224 188 1261 584 145 232 421 438 7712 7897 885 1566 286 1339 365 54 8560 1591
leaf_count=928 1800 105 673 1314 645 1673 749 3824 18042 689 581 26097 224 188 1261 584 145 232 421 438 7712 7897 885 1566 286 1339 365 54 8560 1591
internal_value=1.32544e-05 0.000119197 0.00121554 0.000502784 0.00538592 3.18408e-05 -0.000139425 -0.000199498 -0.000686103 -0.00278041 -0.00531538 8.221e-05 -0.000321064 0.00659546 -0.000191662 -0.000214921 -0.000314271 0.00181723 0.00114008 -0.00329626 0.00075701 0.000673203 0.00139214 0.00172841 0.00319366 -0.00114728 -0.00430231 -0.00883125 0.001116 0.00267389
internal_weight=90868 88703 6503 5565 938 82200 64815 62910 23131 3412 1324 39779 19719 833 28243 19057 18473 1905 4892 662 11536 17385 2146 3578 431 2088 2165 635 9488 2012
internal_count=90868 88703 6503 5565 938 82200 64815 62910 23131 3412 1324 39779 19719 833 28243 19057 18473 1905 4892 662 11536 17385 2146 3578 431 2088 2165 635 9488 2012
is_linear=0
shrinkage=0.05


Tree=15
num_leaves=31
num_cat=0
split_feature=1 89 27 25 16 29 82 12 25 73 102 157 136 126 158 30 92 17 144 3 0 28 117 16 82 13 82 157 81 25
split_gain=14.1881 3.63792 3.10306 3.52409 3.59918 2.57692 2.4184 3.15447 2.90877 2.21166 2.15581 2.1397 2.15581 2.00929 1.84654 1.81004 1.82829 2.05424 1.62606 1.37709 1.31397 1.30849 1.59051 1.5522 2.54992 1.30583 1.27654 1.14144 1.12289 1.07118
threshold=0.12111108377575876 0.35082522034645086 0.11292102560400964 0.090640846639871611 1.4567780494689944 -0.0031752111390233036 0.025000001303851608 1.0104984641075136 0.044830143451690681 0.90000000596046459 0.55833333730697643 0.042990980669856078 0.58734211325645458 0.36664982140064245 0.49752058589154941 -0.0038362987106665965 -0.08857350796461104 1.0000000180025095e-35 0.49839040637016302 0.033244771882891662 -0.017730421386659142 -0.0080093555152416212 0.63523694872856151 1.2617946267127993 0.058333335444331176 1.1420713067054751 0.025000001303851608 0.033341836184263236 0.68333333730697643 0.082944508641958251
decision_type=2 8 10 10 10 10 2 2 10 2 2 8 8 10 8 10 10 10 10 2 2 10 10 10 2 10 2 10 2 10
left_child=1 2 13 4 14 -6 7 -3 18 20 -10 12 -8 -1 -4 -16 17 -17 -9 -5 -2 22 23 -14 28 -26 -19 -21 -25 -13
right_child=9 6 3 19 5 -7 11 8 10 -11 -12 29 21 -15 15 16 -18 26 -20 27 -22 -23 -24 24 25 -27 -28 -29 -30 -31
leaf_value=8.6064958691470524e-05 0 -0.00040867684691258234 -0.00015714129686109383 0.00044303974143988729 0.0010515817077167062 0.0090031995710499659 0.00058314128211581239 -0.0076363259112887305 0 -0.00099172993165990244 -0.004989842654698446 -0.00037311178214996684 -6.369796598210306e-05 0.0021333908760687303 0.00066627176119860715 0.0088672132959461535 0.0031415466520265238 -0.0081837893709038895 -0.0013663197199211402 0 -0.0044058691763610236 -0.00052468560132943936 0.0064398488417142441 0.0091145099297939968 0.0020161007772460751 -0.0018242208898300305 -0.0002123664525546095 -0.0044650205840453252 0 -0.0016486000420008404
leaf_weight=22525 196 5421 1165 3494 178 299 16607 396 784 850 293 6574 7488 1270 1737 50 2909 64 169 309 2173 11871 103 153 687 314 287 281 53 2273
leaf_count=22525 196 5421 1165 3494 178 299 16607 396 784 850 293 6574 7488 1270 1737 50 2909 64 169 309 2173 11871 103 153 687 314 287 281 53 2273
internal_value=0 0.00011918 0.000518803 0.00122371 0.00193049 0.00614894 -0.000139618 -0.00100119 -0.00292547 -0.00326014 -0.00133826 -6.57941e-06 0.000158239 0.000197522 0.00159758 0.00201248 0.00270342 -0.000350448 -0.00585494 5.36833e-05 -0.00405219 -0.000180752 0.000277636 0.000198157 0.00186275 0.000760926 -0.00182701 -0.00216434 0.00694569 -0.000706615
internal_weight=90973 87754 34568 10773 6689 477 53186 7063 1642 3219 1077 46123 37276 23795 6212 5047 3310 401 565 4084 2369 20669 8798 8695 1207 1001 351 590 206 8847
internal_count=90973 87754 34568 10773 6689 477 53186 7063 1642 3219 1077 46123 37276 23795 6212 5047 3310 401 565 4084 2369 20669 8798 8695 1207 1001 351 590 206 8847
is_linear=0
shrinkage=0.05


Tree=16
num_leaves=31
num_cat=0
split_feature=11 89 79 16 28 32 25 53 81 17 58 149 38 12 119 145 20 139 26 50 92 16 70 80 38 11 26 158 158 51
split_gain=11.8748 3.8709 2.92861 6.74923 3.80852 3.80898 2.82396 2.82395 3.00061 2.19878 2.11029 2.07838 1.94234 1.92966 1.88972 1.8802 1.62924 1.57178 1.56707 1.56581 1.47041 1.46186 2.11522 1.45438 1.40901 2.07838 1.84396 1.32526 1.30946 1.27258
threshold=0.89923262596130382 0.58081579208374035 0.45000000298023229 1.4102833271026614 -0.007382866693660616 -0.0038273461395874615 0.10826709121465684 1.091753423213959 0.15000000596046451 0.72176364064216625 1.0277464389801028 0.55171427130699169 0.0039361629169434318 1.005490839481354 0.27018114924430853 0.50281512737274181 1.173757076263428 0.86680373549461376 0.17079202085733416 0.74565795063972484 0.60215571522712719 1.2191792130470278 0.62614804506301891 0.075000001117587103 0.017915975302457813 0.93761759996414196 0.069126386195421233 0.49525779210098897 0.49378585086042071 0.92223128676414501
decision_type=2 8 2 10 10 10 10 2 2 8 2 10 10 2 8 10 2 8 10 2 10 8 2 2 10 2 10 8 10 2
left_child=17 2 3 7 5 10 29 8 13 12 -4 19 16 24 15 -11 20 -1 -12 -6 28 -10 -23 -7 25 -2 -27 -13 -3 -5
right_child=1 9 4 6 11 23 -8 -9 21 14 18 27 -14 -15 -16 -17 -18 -19 -20 -21 -22 22 -24 -25 -26 26 -28 -29 -30 -31
leaf_value=-0.0043285456248513933 -0.0041033970443565297 -0.0046928321702300151 0.0013778131233884777 0.0087649533901938224 -0.0036678610364906487 0.0014784569189203239 -0.0009085870398040344 -0.0023611219175990743 0.00018179893650476317 0.003012590563805196 0.0050699195669249436 0.0014063192511147042 -0.00015365249068593795 0.0029011489326677283 -0.00029512767333113348 0.00030340201454396155 0.0082443489408914883 -0.0015210811635291981 -0.0011377661684482785 0.00015491385284406171 -0.0013106879948699681 0.0010209741255882939 0.0076985982811609765 1.5817711544582863e-06 0.003238385136757704 0.00010373931364142898 0.0023519709362177757 -0.0012373883943383873 0 0.0011338555248363352
leaf_weight=1632 208 867 2456 420 274 2007 107 720 11310 816 776 491 1978 2145 26645 3232 33 813 102 9855 1331 607 155 10220 657 2430 1509 6859 171 81
leaf_count=1632 208 867 2456 420 274 2007 107 720 11310 816 776 491 1978 2145 26645 3232 33 813 102 9855 1331 607 155 10220 657 2430 1509 6859 171 81
internal_value=1.94939e-05 0.000115063 0.000383542 0.000855694 9.12178e-05 0.000661376 0.00605073 0.000692862 0.00081121 -0.000292196 0.00216115 -0.000413524 -0.0013414 0.00164069 -0.000140802 0.000862481 -0.00229821 -0.00341647 0.0042914 4.62161e-05 -0.00246958 0.000329501 0.00245312 0.000248193 0.001067 0.000710235 0.000978088 -0.00105381 -0.00390479 0.0076355
internal_weight=90907 88462 53389 20349 33040 15561 608 19741 19021 35073 3334 17479 4380 6949 30693 4048 2402 2445 878 10129 2369 12072 762 12227 4804 4147 3939 7350 1038 501
internal_count=90907 88462 53389 20349 33040 15561 608 19741 19021 35073 3334 17479 4380 6949 30693 4048 2402 2445 878 10129 2369 12072 762 12227 4804 4147 3939 7350 1038 501
is_linear=0
shrinkage=0.05


end of trees

feature_importances:
feature_IMIN60=32
feature_IMIN30=27
news_risk_20d=20
feature_ROC30=17
feature_KLEN=16
feature_STD20=16
feature_ROC60=15
feature_RESI5=15
feature_IMIN10=15
feature_KLOW=14
feature_VWAP0=14
feature_BETA5=12
feature_IMIN20=12
feature_BETA60=11
feature_WVMA60=11
feature_KMID=10
feature_KSFT2=9
feature_QTLU5=9
feature_CORR60=9
feature_LOW0=8
feature_RESI10=7
feature_CORR10=7
feature_STD60=6
feature_IMXD60=6
feature_SUMP60=6
feature_CNTD60=5
feature_SUMP30=5
feature_SUMN30=5
feature_VMA60=5
feature_HIGH0=4
feature_ROC20=4
feature_STD30=4
feature_BETA20=4
feature_RSQR60=4
feature_MIN5=4
feature_MIN60=4
feature_CNTP60=4
feature_SUMP10=4
feature_WVMA10=4
feature_WVMA30=4
feature_VSUMP60=4
feature_VSUMD60=4
feature_KMID2=3
feature_OPEN0=3
feature_MA5=3
feature_MA10=3
feature_BETA10=3
feature_RESI20=3
feature_RESI30=3
feature_MAX5=3
feature_MIN20=3
feature_QTLU60=3
feature_RSV10=3
feature_CNTP20=3
feature_CNTD30=3
feature_VSUMN60=3
feature_KUP=2
feature_ROC10=2
feature_MA60=2
feature_STD5=2
feature_STD10=2
feature_RSQR30=2
feature_MAX10=2
feature_MAX30=2
feature_MIN30=2
feature_QTLU30=2
feature_QTLD5=2
feature_RSV30=2
feature_IMAX5=2
feature_IMAX30=2
feature_IMAX60=2
feature_CORR20=2
feature_SUMN10=2
feature_SUMD20=2
feature_SUMD30=2
feature_VMA20=2
feature_VSUMP10=2
feature_VSUMP20=2
feature_VSUMN10=2
feature_ROC5=1
feature_MA20=1
feature_RSQR10=1
feature_RSQR20=1
feature_MAX20=1
feature_MAX60=1
feature_MIN10=1
feature_QTLU20=1
feature_QTLD10=1
feature_RANK10=1
feature_RSV20=1
feature_IMAX10=1
feature_IMIN5=1
feature_IMXD10=1
feature_IMXD20=1
feature_CORR5=1
feature_CORR30=1
feature_CNTP30=1
feature_CNTN20=1
feature_CNTN60=1
feature_CNTD10=1
feature_SUMD10=1
feature_SUMD60=1
feature_VMA5=1
feature_VSTD5=1
feature_VSTD30=1

parameters:
[boosting: gbdt]
[objective: regression]
[metric: l2]
[tree_learner: serial]
[device_type: cpu]
[data_sample_strategy: bagging]
[data: ]
[valid: ]
[num_iterations: 400]
[learning_rate: 0.05]
[num_leaves: 31]
[num_threads: 20]
[seed: 42]
[deterministic: 0]
[force_col_wise: 0]
[force_row_wise: 0]
[histogram_pool_size: -1]
[max_depth: -1]
[min_data_in_leaf: 20]
[min_sum_hessian_in_leaf: 0.001]
[bagging_fraction: 0.8]
[pos_bagging_fraction: 1]
[neg_bagging_fraction: 1]
[bagging_freq: 1]
[bagging_seed: 400]
[bagging_by_query: 0]
[feature_fraction: 0.8]
[feature_fraction_bynode: 1]
[feature_fraction_seed: 30056]
[extra_trees: 0]
[extra_seed: 12879]
[early_stopping_round: 0]
[early_stopping_min_delta: 0]
[first_metric_only: 0]
[max_delta_step: 0]
[lambda_l1: 1]
[lambda_l2: 1]
[linear_lambda: 0]
[min_gain_to_split: 0]
[drop_rate: 0.1]
[max_drop: 50]
[skip_drop: 0.5]
[xgboost_dart_mode: 0]
[uniform_drop: 0]
[drop_seed: 17869]
[top_rate: 0.2]
[other_rate: 0.1]
[min_data_per_group: 100]
[max_cat_threshold: 32]
[cat_l2: 10]
[cat_smooth: 10]
[max_cat_to_onehot: 4]
[top_k: 20]
[monotone_constraints: ]
[monotone_constraints_method: basic]
[monotone_penalty: 0]
[feature_contri: ]
[forcedsplits_filename: ]
[refit_decay_rate: 0.9]
[cegb_tradeoff: 1]
[cegb_penalty_split: 0]
[cegb_penalty_feature_lazy: ]
[cegb_penalty_feature_coupled: ]
[path_smooth: 0]
[interaction_constraints: ]
[verbosity: -1]
[saved_feature_importance_type: 0]
[use_quantized_grad: 0]
[num_grad_quant_bins: 4]
[quant_train_renew_leaf: 0]
[stochastic_rounding: 1]
[linear_tree: 0]
[max_bin: 255]
[max_bin_by_feature: ]
[min_data_in_bin: 3]
[bin_construct_sample_cnt: 200000]
[data_random_seed: 175]
[is_enable_sparse: 1]
[enable_bundle: 1]
[use_missing: 1]
[zero_as_missing: 0]
[feature_pre_filter: 1]
[pre_partition: 0]
[two_round: 0]
[header: 0]
[label_column: ]
[weight_column: ]
[group_column: ]
[ignore_column: ]
[categorical_feature: ]
[forcedbins_filename: ]
[precise_float_parser: 0]
[parser_config_file: ]
[objective_seed: 16083]
[num_class: 1]
[is_unbalance: 0]
[scale_pos_weight: 1]
[sigmoid: 1]
[boost_from_average: 1]
[reg_sqrt: 0]
[alpha: 0.9]
[fair_c: 1]
[poisson_max_delta_step: 0.7]
[tweedie_variance_power: 1.5]
[lambdarank_truncation_level: 30]
[lambdarank_norm: 1]
[label_gain: ]
[lambdarank_position_bias_regularization: 0]
[eval_at: ]
[multi_error_top_k: 1]
[auc_mu_weights: ]
[num_machines: 1]
[local_listen_port: 12400]
[time_out: 120]
[machine_list_filename: ]
[machines: ]
[gpu_platform_id: -1]
[gpu_device_id: -1]
[gpu_device_id_list: ]
[gpu_use_dp: 0]
[num_gpu: 1]

end of parameters

pandas_categorical:[]
