tree
version=v4
num_class=1
num_tree_per_iteration=1
label_index=0
max_feature_idx=181
objective=regression
feature_names=feature_KMID feature_KLEN feature_KMID2 feature_KUP feature_KUP2 feature_KLOW feature_KLOW2 feature_KSFT feature_KSFT2 feature_OPEN0 feature_HIGH0 feature_LOW0 feature_VWAP0 feature_ROC5 feature_ROC10 feature_ROC20 feature_ROC30 feature_ROC60 feature_MA5 feature_MA10 feature_MA20 feature_MA30 feature_MA60 feature_STD5 feature_STD10 feature_STD20 feature_STD30 feature_STD60 feature_BETA5 feature_BETA10 feature_BETA20 feature_BETA30 feature_BETA60 feature_RSQR5 feature_RSQR10 feature_RSQR20 feature_RSQR30 feature_RSQR60 feature_RESI5 feature_RESI10 feature_RESI20 feature_RESI30 feature_RESI60 feature_MAX5 feature_MAX10 feature_MAX20 feature_MAX30 feature_MAX60 feature_MIN5 feature_MIN10 feature_MIN20 feature_MIN30 feature_MIN60 feature_QTLU5 feature_QTLU10 feature_QTLU20 feature_QTLU30 feature_QTLU60 feature_QTLD5 feature_QTLD10 feature_QTLD20 feature_QTLD30 feature_QTLD60 feature_RANK5 feature_RANK10 feature_RANK20 feature_RANK30 feature_RANK60 feature_RSV5 feature_RSV10 feature_RSV20 feature_RSV30 feature_RSV60 feature_IMAX5 feature_IMAX10 feature_IMAX20 feature_IMAX30 feature_IMAX60 feature_IMIN5 feature_IMIN10 feature_IMIN20 feature_IMIN30 feature_IMIN60 feature_IMXD5 feature_IMXD10 feature_IMXD20 feature_IMXD30 feature_IMXD60 feature_CORR5 feature_CORR10 feature_CORR20 feature_CORR30 feature_CORR60 feature_CORD5 feature_CORD10 feature_CORD20 feature_CORD30 feature_CORD60 feature_CNTP5 feature_CNTP10 feature_CNTP20 feature_CNTP30 feature_CNTP60 feature_CNTN5 feature_CNTN10 feature_CNTN20 feature_CNTN30 feature_CNTN60 feature_CNTD5 feature_CNTD10 feature_CNTD20 feature_CNTD30 feature_CNTD60 feature_SUMP5 feature_SUMP10 feature_SUMP20 feature_SUMP30 feature_SUMP60 feature_SUMN5 feature_SUMN10 feature_SUMN20 feature_SUMN30 feature_SUMN60 feature_SUMD5 feature_SUMD10 feature_SUMD20 feature_SUMD30 feature_SUMD60 feature_VMA5 feature_VMA10 feature_VMA20 feature_VMA30 feature_VMA60 feature_VSTD5 feature_VSTD10 feature_VSTD20 feature_VSTD30 feature_VSTD60 feature_WVMA5 feature_WVMA10 feature_WVMA20 feature_WVMA30 feature_WVMA60 feature_VSUMP5 feature_VSUMP10 feature_VSUMP20 feature_VSUMP30 feature_VSUMP60 feature_VSUMN5 feature_VSUMN10 feature_VSUMN20 feature_VSUMN30 feature_VSUMN60 feature_VSUMD5 feature_VSUMD10 feature_VSUMD20 feature_VSUMD30 feature_VSUMD60 amount_20 momentum_60 price_vs_ma20 reversal_20 volatility_20 volume_ratio_20_60 volume_ratio_5_20 pe earnings_yield revenue_growth net_profit_growth roe roa gross_margin net_margin debt_to_asset operating_cash_flow ocf_to_assets ocf_to_net_profit (rank(volume_ratio_5_20)*(rank(amount_20)/rank(reversal_20))) (rank(amount_20)*(rank(volume_ratio_20_60)*rank(volume_ratio_5_20))) ((rank(amount_20)*rank(volume_ratio_20_60))*rank(volume_ratio_5_20)) ((rank(reversal_20)*rank(volume_ratio_5_20))/rank(amount_20)) (rank(amount_20)/(rank(reversal_20)*rank(volume_ratio_5_20)))
feature_infos=[-0.18378382921218872:0.23204429447650909] [0:0.2587992250919342] [-1:1] [0:0.17515505850315094] [0:1] [0:0.1814553290605545] [0:1] [-0.21837836503982544:0.2587992250919342] [-1:1] [0.81165915727615356:1.2251656055450439] [1:1.2768211364746094] [0.78991591930389404:1] [0.86167383193969727:1.1553093194961548] [0.50938946008682251:1.8084112405776978] [0.38546353578567505:2.5034608840942383] [0.20094425976276398:3.1202185153961182] [0.18492695689201355:5.7117090225219727] [0.13746649026870728:7.1328182220458984] [0.73912703990936279:1.3500000238418579] [0.58375918865203857:1.6204214096069336] [0.48958152532577515:2.2400727272033691] [0.40701004862785339:2.491147518157959] [0.28582838177680969:3.7705175876617432] [0:0.31421336531639099] [0.00023446726845577359:0.44042909145355225] [0.0005574155948124826:0.84243810176849365] [0.0005574155948124826:1.5140218734741211] [0.0005574155948124826:2.5884873867034912] [-0.18953272700309753:0.11699225753545761] [-0.14318288862705231:0.091486923396587372] [-0.13684648275375366:0.091486923396587372] [-0.153787761926651:0.091486923396587372] [-0.13677342236042023:0.091486923396587372] [0:1] [0:1] [0:1] [2.2261162995574702e-15:1] [8.3690260277435868e-10:1] [-0.11662719398736954:0.098536819219589233] [-0.23734408617019653:0.19709315896034241] [-0.45356476306915283:0.34632593393325806] [-0.59292685985565186:0.92638540267944336] [-1.1882275342941284:1.6086900234222412] [1:1.7841874361038208] [1:2.2531874179840088] [1:3.1650238037109375] [1:5.7535200119018555] [1:9.3708133697509766] [0.50947773456573486:1] [0.34822705388069153:1] [0.19764620065689087:1] [0.18116329610347748:1] [0.079663857817649841:1] [0.86649966239929199:1.6521495580673218] [0.72217452526092529:2.0949892997741699] [0.58081799745559692:3.0763568878173828] [0.47937741875648499:3.5877678394317627] [0.33353924751281738:7.2022075653076172] [0.58712047338485718:1.184606671333313] [0.39663863182067871:1.3228549957275391] [0.22801922261714935:1.6053929328918457] [0.19504037499427795:1.7554135322570801] [0.12582564353942871:2.6131875514984131] [0.20000000298023224:1] [0.10000000149011612:1] [0.05000000074505806:1] [0.033333335071802139:1] [0.01666666753590107:1] [0:1] [0:1] [0:1] [0:1] [0:1] [0.20000000298023224:1] [0.10000000149011612:1] [0.05000000074505806:1] [0.033333335071802139:1] [0.01666666753590107:1] [0.20000000298023224:1] [0.10000000149011612:1] [0.05000000074505806:1] [0.033333335071802139:1] [0.01666666753590107:1] [-0.80000001192092896:0.80000001192092896] [-0.89999997615814209:0.89999997615814209] [-0.94999998807907104:0.94999998807907104] [-0.96666663885116577:0.96666663885116577] [-0.98333334922790527:0.98333334922790527] [-1:1] [-1:1] [-1:1] [-1:1] [-1:1] [-1:1] [-1:1] [-1:1] [-1:1] [-1:1] [0:1] [0:1] [0:0.94999998807907104] [0:0.86666667461395264] [0:0.76666665077209473] [0:1] [0:1] [0:0.94999998807907104] [0:0.86666667461395264] [0:0.83333331346511841] [-1:1] [-1:1] [-0.94999998807907104:0.89999997615814209] [-0.76666665077209473:0.76666665077209473] [-0.75:0.55000001192092896] [0:1] [0:1] [0:1] [0:1] [0:1] [0:1] [0:1] [0:1] [0:1] [0:1] [-1:1] [-1:1] [-1:1] [-1:1] [-1:1] [0.20471267402172089:235.782958984375] [0.10461504012346268:383.34182739257812] [0.075067855417728424:425.7928466796875] [0.056173093616962433:430.86871337890625] [0.033522188663482666:438.94296264648438] [0.00029457567143253982:408.0859375] [0.0027553131803870201:414.00186157226562] [0.0027553131803870201:307.87985229492188] [0.0027553131803870201:262.36935424804688] [0.0027553131803870201:275.11691284179688] [0:2.2360680103302002] [0.018472533673048019:3.0074613094329834] [0.068585917353630066:3.8974208831787109] [0.068585917353630066:4.5948772430419922] [0.068585917353630066:5.3810009956359863] [0:1] [0:1] [0:1] [0:1] [0:1] [0:1] [0:1] [0:1] [0:1] [0:1] [-1:1] [-1:1] [-1:1] [-1:1] [-1:1] [0.00038284839203675346:0.99851190476190477] [0.00022487069934787497:1] [0.00021706099413935315:1] [0.00022351363433169424:1] [0.00021734405564007825:1] [0.00025176233635448137:1] [0.00022168033695411216:1] [0.012345679012345678:1] [0.012345679012345678:1] [0.010638297872340425:1] [0.01098901098901099:1] [0.01282051282051282:1] [0.010416666666666666:1] [0.014285714285714285:1] [0.010638297872340425:1] [0.010638297872340425:1] [0.010638297872340425:1] [0.010752688172043012:1] [0.010638297872340425:1] [5.4007687531253595e-05:3671.1870381632225] [3.5785274325937812e-06:0.97170511584863073] [3.5785274325937808e-06:0.97170511584863073] [5.2496381424428409e-06:582.86485239852391] [0.0017156635811628371:190489.32000000001]
tree_sizes=2998 3027 3051 3057 3053 3019 3036 3034 3032 3020 3054 3034 3057 3062 3052

Tree=0
num_leaves=31
num_cat=0
split_feature=1 57 39 180 121 178 0 177 139 79 87 17 8 92 60 177 16 86 5 57 37 157 5 49 5 24 142 159 5 16
split_gain=56.8039 9.64465 15.2967 10.3459 7.28359 7.10012 7.19479 6.5088 5.47528 4.65767 5.1541 4.78228 7.16135 4.71031 4.65457 4.26107 5.97871 3.84448 3.56043 3.10388 3.00954 2.93553 2.92147 2.62404 2.512 2.48079 2.44884 2.28768 2.23323 2.04396
threshold=0.12535332143306735 1.2957590222358706 -0.0040240830276161424 5.1944601660143839 0.2973166704177857 1.0000000180025095e-35 -0.062028249725699418 2.3312424592731449 0.84619471430778515 0.45000000298023229 0.85833334922790538 0.78965985774993908 -0.72414091229438771 0.44803433120250707 1.0013353228569033 0.6892620549766092 0.91196671128273021 -0.45000000298023218 0.02960904780775309 1.164673984050751 0.78721591830253612 -0.025490128435194489 0.023592328652739528 0.9374784827232362 0.022759639658033851 0.038866955786943443 0.84930172562599193 0.88866777650251627 0.042628265917301185 1.4567780494689944
decision_type=2 2 8 8 8 10 2 8 8 2 2 10 2 10 2 8 10 2 2 2 10 10 2 2 2 8 8 2 2 10
left_child=1 4 3 5 7 14 -7 18 -2 10 15 12 13 19 -3 16 20 -4 -1 -11 -6 29 -12 -18 27 -19 -17 -22 -10 -8
right_child=8 2 17 -5 9 6 21 -9 28 11 22 -13 -14 -15 -16 26 23 25 -20 -21 24 -23 -24 -25 -26 -27 -28 -29 -30 -31
leaf_value=0.0083724117050402724 -0.0069817027823449217 0.015696630989014474 0.0028567327090205825 -0.0010971644749445488 0.0043132110656391668 0.011159351219014204 0.0049559119953446786 0.0027095924116461931 -0.00010371768024360095 -0.007532117128742283 0.0011830845739457091 0.0016383558161835628 0.0009427483531060793 -9.549651774632328e-05 0.006598318265135867 0.00527851196458965 0.0037931619987258036 0.0040543955714185953 -0.0018922952886517674 0.0027725855594739695 0.011219951322764155 0.0027606519918749253 -0.0022962287084833805 0.0017894159499214251 0.00076426828977492717 -0.0007306661474308705 0.0018661599143529881 0.0027641395014585089 -0.0047234368107659146 0.0098341695153994838
leaf_weight=910 1717 341 2951 462 1723 509 862 2856 584 555 2664 35265 7082 672 278 542 2577 310 86 74 451 1211 799 4328 82 1712 18112 114 543 321
leaf_count=910 1717 341 2951 462 1723 509 862 2856 584 555 2664 35265 7082 672 278 542 2577 310 86 74 451 1211 799 4328 82 1712 18112 114 543 321
internal_value=0.00177695 0.00200158 0.00355638 0.00586477 0.0018244 0.00679276 0.00572498 0.00394507 -0.00517694 0.00171618 0.00217984 0.00138157 0.000307479 -0.0031089 0.0117054 0.0024067 0.00328319 0.00171668 0.00743314 -0.00624082 0.00545479 0.00454525 0.000364936 0.00253017 0.00840915 2.84158e-05 0.00196817 0.00960688 -0.00237768 0.00632749
internal_weight=90693 87849 8957 3984 78892 3522 2903 3852 2844 75040 31392 43648 8383 1301 619 27929 9275 4973 996 629 2370 2394 3463 6905 647 2022 18654 565 1127 1183
internal_count=90693 87849 8957 3984 78892 3522 2903 3852 2844 75040 31392 43648 8383 1301 619 27929 9275 4973 996 629 2370 2394 3463 6905 647 2022 18654 565 1127 1183
is_linear=0
shrinkage=1


Tree=1
num_leaves=31
num_cat=0
split_feature=11 32 58 81 81 82 158 82 17 26 17 159 89 177 29 25 38 80 28 142 22 13 87 160 44 79 45 16 158 53
split_gain=49.508 8.82091 12.3029 8.03889 14.3063 20.5022 8.26328 6.8831 14.006 4.85957 4.61181 4.43874 3.82314 3.74152 3.53421 3.23713 3.20534 3.12399 3.0995 2.88254 2.62639 2.61997 2.61197 2.50994 2.41928 2.39604 2.38022 2.34823 2.33422 2.26047
threshold=0.8845697045326234 -0.0035336153814569111 1.0460372567176821 0.21666666865348819 0.25000000745058065 0.025000001303851608 0.34476371549802426 0.058333335444331176 0.9242461919784547 0.17079202085733416 0.69215101003646862 0.90737825292674767 0.4865062683820725 102.71164120424889 -0.0030800162348896261 0.10666223987936975 0.0099500571377575415 0.52500000596046459 -0.010292847640812395 0.9761771857738496 0.94106373190879833 1.1382696628570559 0.90833333134651195 0.98287265463589557 1.1231235861778261 0.45000000298023229 1.0644046068191531 1.4567780494689944 0.44430294136892029 1.0838420391082766
decision_type=2 8 2 2 2 2 2 2 10 10 10 2 8 8 10 8 8 2 10 10 2 10 2 2 2 2 2 10 2 2
left_child=23 2 7 6 5 11 15 8 14 21 16 -5 25 18 -2 20 -6 -10 -9 -16 22 -4 -3 -1 27 29 -14 -20 -12 -8
right_child=1 3 9 4 10 -7 12 13 17 -11 28 -13 26 -15 19 -17 -18 -19 24 -21 -22 -23 -24 -25 -26 -27 -28 -29 -30 -31
leaf_value=-0.0089431678713450934 -0.00050283834854948845 0.0064931030849252214 0.0019869552410029349 -0.012439321690943679 -0.0029907770789176389 -0.0013811296631984586 0.0018646376482154916 0.0019757603102457714 0.012610245502524361 -0.0028602444849005256 -0.0014585995769886067 -0.0014368211216060445 0.00060315033563432946 -0.0029582074184648583 0.010849201641708828 -0.0029693070586889214 0.00028794504350569764 0.0013844163538779804 0.0004638881611015405 0.0019997844286697374 0.0012614936065194985 0.010091944109503734 0 -0.0018151676559430216 -0.0013066383332152754 0.00032479845910373902 -0.00066688235305652536 0.005714983983781557 2.494422759587056e-05 -0.0029631168167677004
leaf_weight=1592 997 1080 140 659 2438 2257 6014 3307 421 98 2873 119 5830 745 138 157 1035 85 5577 334 531 591 164 154 2088 7315 9953 223 33559 244
leaf_count=1592 997 1080 140 659 2438 2257 6014 3307 421 98 2873 119 5830 745 138 157 1035 85 5577 334 531 591 164 154 2088 7315 9953 223 33559 244
internal_value=-8.32814e-06 0.000154792 0.00127198 -6.64565e-05 -0.000511214 -0.00382113 0.000542333 0.000915052 0.00365218 0.00719449 -0.000258134 -0.0108246 0.000331944 0.000457847 0.00114023 0.00371142 -0.00199948 0.0108296 0.000689887 0.00471029 0.00433182 0.00861283 0.00560016 -0.00834449 0.000144271 0.000947846 -0.000194575 0.000675353 -9.07114e-05 0.00166797
internal_weight=90718 88972 14744 74228 42940 3035 31288 13915 1975 829 39905 778 29356 11940 1469 1932 3473 506 11195 472 1775 731 1244 1746 7888 13573 15783 5800 36432 6258
internal_count=90718 88972 14744 74228 42940 3035 31288 13915 1975 829 39905 778 29356 11940 1469 1932 3473 506 11195 472 1775 731 1244 1746 7888 13573 15783 5800 36432 6258
is_linear=0
shrinkage=0.05


Tree=2
num_leaves=31
num_cat=0
split_feature=1 9 53 79 16 25 5 177 116 87 1 51 81 81 82 159 49 142 52 18 117 121 52 142 126 177 159 117 8 127
split_gain=47.885 7.87285 9.34355 7.48678 20.7871 8.59054 6.05205 6.44429 11.0713 5.25787 4.8179 3.87486 3.86875 8.29675 9.77977 3.28457 2.99557 2.60631 2.47163 2.4353 2.35616 2.27717 2.19819 2.15821 2.15768 2.15001 2.06808 2.37017 2.50095 2.05713
threshold=0.12111108377575876 1.0710268616676333 1.1601572632789614 0.45000000298023229 1.3891803026199343 0.091671675443649306 0.032942539080977447 0.6892620549766092 0.57044410705566417 -0.40833333134651179 0.14629016071558001 0.92040008306503307 0.21666666865348819 0.25000000745058065 0.025000001303851608 0.62081242277094895 0.94427755475044262 1.3074900507926943 0.74406939744949352 1.0550398826599123 0.5332573950290681 0.30622552335262304 0.75749143958091747 0.86178985238075267 0.34597226977348333 1.9651020811818982 0.66549774002962292 0.52460658550262462 -0.75574278831481922 0.29194395244121557
decision_type=2 2 2 2 10 8 2 10 10 2 2 2 2 2 2 2 2 10 2 2 8 10 2 10 10 8 2 10 2 10
left_child=1 3 -3 4 6 11 7 8 16 19 -2 -6 21 14 -14 22 -1 -12 -15 -5 -8 25 -10 -9 -25 -11 27 -20 -29 -17
right_child=10 2 -4 9 5 -7 20 23 15 12 17 -13 13 18 -16 29 -18 -19 26 -21 -22 -23 -24 24 -26 -27 -28 28 -30 -31
leaf_value=0.0016610523483060807 -0.0037357151534923544 0.00071920954210583901 0.0087778735826566454 0.00049878355720957052 0.013664294765335691 0 0.0013857232715683775 0.0037778876373196547 0.0072695272844963479 0.0063133411439786589 -0.0086470319551188741 0.0034942028871121108 -0.010448177238883338 -0.0019478261954371031 -0.0017988229543031014 0.0013293737171691557 -0.00017069816349187642 -0.003604559175954718 -0.00051278385535829759 0.0033612796242925044 -0.0031497971706406832 -6.1278363443603153e-05 0.003384326694431779 -0.00016789993728215621 0.0011943743579465704 0.0005780646284958761 0.00029045867224764904 -0.0069230198405037472 -0.0016696174476690591 0.0053204025197154461
leaf_weight=4032 1475 991 578 10289 480 213 337 398 944 273 1457 135 476 3262 1102 1250 4901 359 9712 810 1487 15609 703 17126 3495 461 6179 274 1643 463
leaf_count=4032 1475 991 578 10289 480 213 337 398 944 273 1457 135 476 3262 1102 1250 4901 359 9712 810 1487 15609 703 17126 3495 461 6179 274 1643 463
internal_value=-8.54171e-06 0.000213325 0.00372347 0.000148702 0.000699447 0.00852909 0.000513277 0.000668013 0.0015777 -0.000245735 -0.0059292 0.0115223 -0.000519788 -0.000942998 -0.00444451 0.00402677 0.000650578 -0.00768025 -0.000678187 0.000712476 -0.00228412 6.36543e-05 0.00564458 0.000133553 6.06105e-05 0.00278493 -0.000442715 -0.000836574 -0.00244978 0.00243974
internal_weight=90914 87623 1569 86054 35964 828 35136 33312 12293 50090 3291 615 38991 22648 1578 3360 8933 1816 21070 11099 1824 16343 1647 21019 20621 734 17808 11629 1917 1713
internal_count=90914 87623 1569 86054 35964 828 35136 33312 12293 50090 3291 615 38991 22648 1578 3360 8933 1816 21070 11099 1824 16343 1647 21019 20621 734 17808 11629 1917 1713
is_linear=0
shrinkage=0.05


Tree=3
num_leaves=31
num_cat=0
split_feature=1 0 53 79 16 25 5 82 8 178 62 81 79 37 141 49 51 132 38 158 7 158 81 158 87 152 127 125 1 30
split_gain=46.294 7.72879 8.49978 6.61795 17.6579 8.44458 6.31503 5.77264 8.12985 5.688 7.16483 4.5389 4.28746 3.63252 3.91013 3.49581 3.34983 3.18507 3.08329 2.70816 2.96961 2.69713 2.68205 2.35929 2.32041 2.13105 2.07923 2.04613 1.97463 1.89462
threshold=0.13043481856584552 -0.071069378405809389 1.1601572632789614 0.45000000298023229 1.3891803026199343 0.090640846639871611 0.03923341631889344 0.025000001303851608 -0.78571581840515126 0.08358959397495043 0.80905252695083629 0.58333334326744091 0.15000000223517421 0.75192624330520641 0.82973870635032665 0.95217841863632213 0.9276312291622163 0.61739015579223644 0.0030651410343125467 0.77535765559419778 -0.010590056423097847 0.29579370221897211 0.21666666865348819 0.44430294136892029 -0.30833333730697626 0.47604390978813177 0.11485624685883523 0.31685197353363043 0.058732226490974433 0.009801395237445833
decision_type=2 2 2 2 10 8 2 2 2 10 2 2 2 10 10 2 2 2 10 2 2 2 2 2 2 10 10 10 2 8
left_child=1 2 -1 4 6 16 9 8 11 10 12 22 28 14 -9 -12 -6 -2 -14 20 -20 -15 -5 26 -16 -11 -10 -27 -3 -8
right_child=17 3 -4 7 5 -7 29 13 23 25 15 -13 18 21 24 -17 -18 -19 19 -21 -22 -23 -24 -25 -26 27 -28 -29 -30 -31
leaf_value=0.00049367073683935731 -0.0039789387849203748 0.0030720486863884105 0.008751291322588145 -0.0037553357719791944 0.01268388654280574 -0.00021371237153249191 -0.00035676853969169209 -0.0021459351523303205 -0.0011030367441724948 -0.00075945531939886632 0.0016116481692509334 -0.00013183743716727424 0.0030627538684954441 0.0052347030461374396 0.00052091760043578266 -0.00039190751690824352 0.0025219314460021756 -0.0079926216925172988 0.01541066660181622 0.0022462039405332975 0.0069584557723453211 0.0007891466305441655 -0.010398930165346511 -0.00045423991383077814 -0.00036198776303025945 8.2120023232480372e-05 -0.0066124070082970573 0.0013605530610105723 -0.00052791097716592655 -0.0042890031957414495
leaf_weight=755 789 1001 547 279 496 226 522 2485 434 5148 5097 273 719 366 10686 3742 113 1694 167 189 401 6205 439 4790 24378 12788 315 4186 580 858
leaf_count=755 789 1001 547 279 496 226 522 2485 434 5148 5097 273 719 366 10686 3742 113 1694 167 189 401 6205 439 4790 24378 12788 315 4186 580 858
internal_value=-7.24925e-06 0.000181815 0.00400531 0.000123897 0.000640213 0.00782641 0.00046907 -0.000244473 -0.00163202 0.000604822 0.00148685 -0.00580962 0.00357741 -3.79427e-05 -0.000228832 0.000757836 0.0108875 -0.00673947 0.0055303 0.00780088 0.00955411 0.00104513 -0.00789572 -0.000874658 -9.14831e-05 0.000128212 -0.00349246 0.000400405 0.00172028 -0.00283913
internal_weight=90668 88185 1302 86883 36233 835 35398 50650 6530 34018 11896 991 3057 44120 37549 8839 609 2483 1476 757 568 6571 718 5539 35064 22122 749 16974 1581 1380
internal_count=90668 88185 1302 86883 36233 835 35398 50650 6530 34018 11896 991 3057 44120 37549 8839 609 2483 1476 757 568 6571 718 5539 35064 22122 749 16974 1581 1380
is_linear=0
shrinkage=0.05


Tree=4
num_leaves=31
num_cat=0
split_feature=1 0 53 89 79 46 45 73 82 8 81 80 80 28 32 177 15 46 157 0 180 5 87 46 102 159 80 80 132 81
split_gain=37.4669 7.29844 6.41665 6.28359 6.03598 9.4875 5.85075 4.8674 4.69738 6.92482 4.05328 3.0943 3.60514 2.80576 3.04088 2.7664 2.83946 2.44716 2.52929 2.26832 2.26501 2.26186 2.19353 1.94645 1.85081 2.07064 1.6479 1.89994 1.64627 1.59802
threshold=0.12111108377575876 -0.071069378405809389 1.1601572632789614 0.45607632398605352 0.45000000298023229 1.4595353603363039 1.1857227683067324 0.90000000596046459 0.025000001303851608 -0.78571581840515126 0.21666666865348819 0.37500000000000006 0.17500000447034839 -0.0089903068728744966 -0.0029109631432220335 2.3312424592731449 0.88523727655410778 1.0670156478881838 0.02245530299842358 -0.018907304853200909 0.62538893608522772 0.040992744266986854 0.69166666269302379 1.1103736758232119 0.55833333730697643 0.83441058324542394 0.37500000000000006 0.27500000596046453 1.6190800666809084 0.18333333730697635
decision_type=2 2 2 8 2 2 2 2 2 2 2 2 2 10 10 8 10 2 10 2 8 2 2 2 2 2 2 2 2 2
left_child=1 2 -1 4 5 10 -7 19 9 11 15 12 -5 14 -6 16 21 20 -19 -2 -10 -3 -12 -15 -11 26 27 -26 -8 -16
right_child=7 3 -4 8 13 6 28 -9 17 24 22 -13 -14 23 29 -17 -18 18 -20 -21 -22 -23 -24 -25 25 -27 -28 -29 -30 -31
leaf_value=0.00090973789157574713 -0.00086725234467396764 0.005052323414647026 0.0083025771992938802 -0.0031350040281367245 0.0021848654038409232 0.011678884607256938 -0.0010783599485191242 -0.0019617458024839235 0.00027917324132109453 -0.0002465140234568282 0.00069024198870637195 -0.0010007080089178076 -0.010881200349553531 0.00038215681799858584 0.0012299878229536947 0.00077440554661130563 0.0017792746173320023 -2.3989144579681069e-05 -0.0011123459731353271 -0.0069458529909342537 0.0024162063014975918 -0.0028784218048465184 -0.0016389064527361011 -0.00079608108095059076 -0.0042110228765098292 -0.0008650706333233739 -0.0005697503678966314 -0.013376603259381895 0.0062324587056276125 -0.00023142227369048475
leaf_weight=726 186 1445 513 301 2697 352 169 844 10299 3740 6986 291 355 5719 2777 2791 2501 19803 7358 2164 1424 87 1172 8894 200 775 149 97 128 5618
leaf_count=726 186 1445 513 301 2697 352 169 844 10299 3740 6986 291 355 5719 2777 2791 2501 19803 7358 2164 1424 87 1172 8894 200 775 149 97 128 5618
internal_value=1.00042e-05 0.000205036 0.00401525 0.000149598 0.000594527 0.00136962 0.0072974 -0.00530755 -0.00025989 -0.0015737 0.00110903 -0.00549861 -0.00741321 0.000121221 0.000722195 0.00200971 0.00285179 -5.89496e-05 -0.000320699 -0.00648658 0.000543209 0.00456775 0.000349342 -0.000331545 -0.00081344 -0.00250743 -0.00524113 -0.00740712 0.00191499 0.000246134
internal_weight=90561 87367 1239 86128 41336 15631 649 3194 44792 5908 14982 947 656 25705 11092 6824 4033 38884 27161 2350 11723 1532 8158 14613 4961 1221 446 297 297 8395
internal_count=90561 87367 1239 86128 41336 15631 649 3194 44792 5908 14982 947 656 25705 11092 6824 4033 38884 27161 2350 11723 1532 8158 14613 4961 1221 446 297 297 8395
is_linear=0
shrinkage=0.05


Tree=5
num_leaves=31
num_cat=0
split_feature=1 89 79 16 39 57 100 73 82 12 53 144 26 53 16 177 5 147 14 53 7 37 46 160 52 9 57 52 141 62
split_gain=35.6709 6.82769 4.90758 12.2056 4.47219 5.91451 4.15799 4.00032 3.7786 4.76812 4.34935 3.14384 2.91787 2.70639 2.73042 4.41648 3.05794 2.16908 2.26868 2.17642 1.99154 1.79544 1.73586 2.06376 1.70624 1.68107 1.67767 1.59702 1.49487 1.47902
threshold=0.12535332143306735 0.45607632398605352 0.45000000298023229 1.3521531224250796 -0.030521774664521214 1.3196792006492617 0.42499999701976782 0.90000000596046459 0.025000001303851608 1.0104984641075136 1.0621016025543215 0.4993282556533814 0.17536830157041552 1.0876548290252688 0.85178089141845714 2.3312424592731449 0.040992744266986854 0.5067729949951173 0.9924544394016267 1.1793665885925295 -0.018433318473398682 0.70737901329994213 1.0936530828475954 0.46419756424807457 0.75941592454910289 1.054146468639374 1.1986238956451418 0.66627320647239696 1.1459087133407595 0.66415613889694225
decision_type=2 8 2 10 10 2 2 2 2 2 2 10 10 2 10 10 2 10 10 2 2 10 2 2 2 2 2 2 10 2
left_child=1 2 3 13 5 -4 -5 20 9 -3 11 26 -7 14 15 16 29 18 -10 -20 -2 24 23 -19 -6 -21 -11 -8 -29 -1
right_child=7 8 4 6 21 12 27 -9 17 10 -12 -13 -14 -15 -16 -17 -18 22 19 25 -22 -23 -24 -25 -26 -27 -28 28 -30 -31
leaf_value=0.00659498182509804 -0.00061985823461630689 -0.00062185869744946437 0.00071363934210808564 0.00075255326806561646 -0.0016160321085037046 0.0066477260312347826 -0.0011122739186421747 -0.0020803723169618921 0.00087989201494265775 -0.0088393920332767439 0.00017151442074724141 -0.0018700260196341083 -0.0015994559009761917 -0.0023631652899842753 0.00067936287056569785 0.00051118855012987209 -0.0035979955368995857 0.0027375745012792213 -0.00021810817452398341 -0.0013664337551965605 -0.0069991151312564772 0.00082399811676971265 -0.0010475584737156967 -0.00023116201060922331 -8.654510230909489e-05 0.0075975183852877524 0 0.012248175612762851 0.0016666213918360884 0.0032807192558896403
leaf_weight=449 149 4671 2800 155 2072 742 20 689 8882 558 419 356 114 548 9617 2373 137 630 13982 65 2001 4783 7677 8072 15962 157 60 398 49 2182
leaf_count=449 149 4671 2800 155 2072 742 20 689 8882 558 419 356 114 548 9617 2373 137 630 13982 65 2001 4783 7677 8072 15962 157 60 398 49 2182
internal_value=7.40042e-06 0.000186082 0.000642951 0.00133704 0.000223415 0.00184693 0.0082093 -0.00550728 -0.000238304 -0.00140059 -0.00397364 -0.00580645 0.00549046 0.00105398 0.00118441 0.00211913 0.00347888 -5.84153e-05 0.000252371 -0.000136542 -0.00658076 -3.46019e-05 -0.000499506 -1.01989e-05 -0.000265126 0.00475436 -0.00798658 0.0105705 0.0112061 0.00386761
internal_weight=90769 87930 42401 15928 26473 3656 622 2839 45529 6064 1393 974 856 15306 14758 5141 2768 39465 23086 14204 2150 22817 16379 8702 18034 222 618 467 447 2631
internal_count=90769 87930 42401 15928 26473 3656 622 2839 45529 6064 1393 974 856 15306 14758 5141 2768 39465 23086 14204 2150 22817 16379 8702 18034 222 618 467 447 2631
is_linear=0
shrinkage=0.05


Tree=6
num_leaves=31
num_cat=0
split_feature=1 47 39 82 0 17 81 81 82 158 180 17 10 89 38 62 11 142 33 92 100 30 86 141 157 11 42 5 114 161
split_gain=34.4061 6.24966 8.6591 7.50425 6.84628 6.10157 5.52176 11.796 15.8526 7.22224 4.62153 4.02874 3.15007 2.88749 2.84358 2.60272 4.04304 2.42504 2.38651 2.278 2.05693 2.02591 1.99002 1.99257 1.95029 1.85789 1.77335 1.73478 2.22835 2.95512
threshold=0.13785236328840259 1.4727565050125124 -0.0037601781077682968 0.058333335444331176 -0.058425070717930787 0.98117691278457653 0.21666666865348819 0.25000000745058065 0.025000001303851608 0.37426077791657242 1.0000000180025095e-35 0.78965985774993908 1.0177129507064822 0.50684100389480602 0.0042918480467051276 0.83817577362060558 0.96463671326637279 1.4115215539932253 0.68553191423416149 0.24635956436395648 0.47499999403953558 0.013359716627746822 -0.45000000298023218 0.96708586812019359 -0.0078903259709477407 0.99714490771293651 -0.0015417257673107085 0.023592328652739528 0.71746617555618297 0.46688794474932122
decision_type=2 2 8 2 2 10 2 2 2 2 10 10 2 8 10 2 2 10 10 10 2 10 2 8 10 2 10 2 10 2
left_child=1 6 3 5 18 20 9 8 12 15 -6 14 -8 -11 -9 16 21 -2 -5 -18 -3 -1 -4 -24 -12 -10 -13 28 -15 -30
right_child=17 2 22 4 10 -7 7 11 25 13 24 26 -14 27 -16 -17 19 -19 -20 -21 -22 -23 23 -25 -26 -27 -28 -29 29 -31
leaf_value=0.0029606074588331647 -0.00699413592336797 0.0016041353868964433 0.00080405886353346302 0 -0.0047825839778808934 0.011741196513345471 -0.0035511450217280988 -0.0021525720250885109 -0.00073757341735796735 0.00077444244184396265 0.0024362405285570841 -0.00022775138996592988 -0.011425890312314071 -0.0003019741561683751 -1.6806608251068363e-05 0.00095997674132365272 0 -0.0023307259864487184 0.0077244829162938389 0.0078465490166049583 0.0070056458126427123 -0.0035913519117656669 -0.0022017809681165088 0.00044057604706515031 -0.00014341665632668031 -0.0050324816909279296 0.00049412132605467136 -0.0016545845585917371 0.00071328175216907959 0.0062698764007194339
leaf_weight=530 1803 489 3324 138 335 363 190 3886 2108 14504 1774 21295 581 11181 2681 918 102 372 550 704 308 145 1559 1266 1188 294 14135 1826 1987 277
leaf_count=530 1803 489 3324 138 335 363 190 3886 2108 14504 1774 21295 581 11181 2681 918 102 372 550 704 308 145 1559 1266 1188 294 14135 1826 1987 277
internal_value=-8.9952e-06 0.000142938 0.00124164 0.00275503 0.00170668 0.00630884 -1.68651e-05 -0.000374038 -0.00331388 0.000483022 0.000741921 -0.00015066 -0.00955717 0.000268495 -0.00128839 0.00312355 0.00442936 -0.00622095 0.0062496 0.0068359 0.00376036 0.00147595 -1.67598e-05 -0.0010002 0.00138502 -0.00128594 5.88385e-05 -0.000208785 -8.60072e-06 0.00141767
internal_weight=90813 88638 11294 5145 3985 1160 77344 45170 3173 32174 3297 41997 771 29775 6567 2399 1481 2175 688 806 797 675 6149 2825 2962 2402 35430 15271 13445 2264
internal_count=90813 88638 11294 5145 3985 1160 77344 45170 3173 32174 3297 41997 771 29775 6567 2399 1481 2175 688 806 797 675 6149 2825 2962 2402 35430 15271 13445 2264
is_linear=0
shrinkage=0.05


Tree=7
num_leaves=31
num_cat=0
split_feature=11 89 57 39 25 81 158 17 81 82 87 158 11 81 180 86 114 160 25 31 25 114 26 58 81 139 53 84 160 11
split_gain=28.66 5.449 4.35784 8.96385 5.95862 5.07945 4.6659 3.3875 3.13526 3.11868 2.95341 2.80742 2.77399 2.9665 2.30085 2.25244 2.10326 2.27824 2.07842 2.02825 1.96955 1.81595 1.74618 1.89597 1.68914 1.67364 1.61016 1.49347 1.86129 1.73137
threshold=0.8845697045326234 0.53139176964759838 1.3388816714286806 -0.004298826213926076 0.10523260384798051 0.18333333730697635 0.40726604647211256 0.78395977616310131 0.18333333730697635 0.058333335444331176 0.85833334922790538 0.47013879835224393 0.99408355355262767 0.31666667759418493 0.568250711356307 -0.45000000298023218 0.71746617555618297 0.82830883483797557 0.0654306896030903 0.0027457418618723754 0.10090292245149614 0.42138713598251348 0.16274790465831759 1.0507264137268069 0.48333333432674414 1.0777033567428591 1.1525650620460512 1.0000000180025095e-35 0.66036298872504784 0.95176082849502575
decision_type=2 8 2 10 10 2 2 10 2 2 2 2 2 2 10 2 8 2 10 10 10 10 10 2 2 10 2 2 2 2
left_child=25 2 5 4 9 6 19 8 14 -4 21 -12 24 -14 -3 -5 -9 -18 -16 -2 -21 -7 23 -6 -10 -1 -11 -8 29 -29
right_child=1 7 3 15 22 10 27 16 12 26 11 -13 13 -15 18 -17 17 -19 -20 20 -22 -23 -24 -25 -26 -27 -28 28 -30 -31
leaf_value=-0.0069466888045253434 0.00040373345523687004 -0.00064316992005418851 0.010242407118580009 0.0011547794577397477 0 -0.00035414763465175365 0.00022806626587639986 -0.00020065422503197003 -0.0022594933677193198 0.0033520167329307211 -0.0074482744581984119 -0.0012732863390442419 -0.0087758164413923815 -0.0022795879253755531 0.0042883563727692184 -0.0017105334447557613 0.002730679480524635 0.00016838027962034726 -0.0022271286290995178 0.0050159600201885243 -0.0008551168967754427 0.00046476045746551262 -0.0023745398851704441 0.010054754383179924 -5.8599029012890552e-05 -0.0014655180528530985 0.0074497704608188255 -0.0029335609963020422 0.00064305165369580859 0.0028018909520814276
leaf_weight=1531 458 4682 338 1805 122 14001 7315 25862 2475 886 227 1149 296 507 466 1103 1323 2653 154 1245 145 13083 343 70 1419 180 384 131 4209 2129
leaf_count=1531 458 4682 338 1805 122 14001 7315 25862 2475 886 227 1149 296 507 466 1103 1323 2653 154 1245 145 13083 343 70 1419 180 384 131 4209 2129
internal_value=6.89053e-06 0.00013073 0.000483404 0.00187644 0.00432961 0.00032265 0.00104695 -0.000303075 -0.00109967 0.00585058 -7.34456e-05 -0.00233296 -0.00204175 -0.00474434 -0.000255423 5.05682e-05 -3.44254e-05 0.00103402 0.0025885 0.00341285 0.00436739 3.95847e-05 -0.000150899 0.0035542 -0.00147053 -0.00640046 0.00463525 0.000725903 0.001281 0.00244617
internal_weight=90691 88980 49143 5051 2143 44092 15632 39837 9999 1608 28460 1376 4697 803 5302 2908 29838 3976 620 1848 1390 27084 535 192 3894 1711 1270 13784 6469 2260
internal_count=90691 88980 49143 5051 2143 44092 15632 39837 9999 1608 28460 1376 4697 803 5302 2908 29838 3976 620 1848 1390 27084 535 192 3894 1711 1270 13784 6469 2260
is_linear=0
shrinkage=0.05


Tree=8
num_leaves=31
num_cat=0
split_feature=1 9 53 38 16 25 126 177 82 102 12 147 11 37 7 74 158 158 36 39 6 57 82 80 25 23 147 158 158 9
split_gain=27.7521 5.39602 5.12532 4.66647 4.48211 8.07013 3.72805 4.17877 3.90457 6.17014 5.25114 4.01388 3.30108 3.13717 4.6823 3.0961 2.71795 2.58453 2.54748 2.36627 2.16806 1.84169 4.67745 2.27294 2.24919 2.07142 1.81293 1.64625 1.63441 1.54821
threshold=0.12535332143306735 1.0767771601676943 1.1601572632789614 0.0067068012431263932 1.4102833271026614 0.082126095890998854 0.39028662443161016 1.6260417827893925 0.025000001303851608 0.55833333730697643 1.0104984641075136 0.52561792731285106 0.95775023102760326 0.80527833104133617 0.0046030415687710055 0.94999998807907116 0.46626305560984088 0.73254681762244045 0.71798679232597362 -0.0020978971151635046 0.10576925054192544 1.2416461706161501 0.058333335444331176 0.075000001117587103 0.095919534564018263 0.049654111266136176 0.49953979253768926 0.39982930560851443 0.50741159035245009 1.0346482992172243
decision_type=2 2 2 10 10 10 10 8 2 2 2 10 2 10 2 2 2 2 10 10 2 2 2 2 8 8 10 2 2 2
left_child=1 3 -3 6 13 18 8 12 9 20 28 19 -8 26 16 29 -15 -12 -6 21 -1 23 -23 27 25 -24 -5 -10 -11 -2
right_child=15 2 -4 4 5 -7 7 -9 11 10 17 -13 -14 14 -16 -17 -18 -19 -20 -21 -22 22 24 -25 -26 -27 -28 -29 -30 -31
leaf_value=-0.0021163486037706169 -0.006006691425254374 0.000670467580600772 0.0072401428038134617 0.00080724744034739036 0.01058228990753577 0.00086993284108797305 -0.0060777861013282409 0.0004898829884269235 0.0041796494323783134 -0.0053610386955282117 -0.010828588520329528 -0.0014483629731253716 0.0058968919798500254 0.0097089789990593301 0.00076392346569470666 -0.001499087447616256 0.0032713163369863388 -0.003880138852853203 0.00064206360940538033 -0.00030679844439787467 0.00012834230009466121 0.0088165231808963237 0.0010453009757811636 -1.0973182851802803e-05 -0.0013015579071406138 0.004956126796772411 -9.2035031748008962e-05 0.00092119944234841586 -0.00074617761657046276 0
leaf_weight=1451 2129 735 520 9796 378 1096 58 2154 442 258 322 4634 680 234 2501 589 706 282 91 19720 4017 208 1792 16516 750 435 12898 4069 887 116
leaf_count=1451 2129 735 520 9796 378 1096 58 2154 442 258 322 4634 680 234 2501 589 706 282 91 19720 4017 208 1792 16516 750 435 12898 4069 887 116
internal_value=2.26018e-05 0.000180667 0.00343597 0.00013275 0.000667892 0.00327208 -0.000119041 0.00162907 -0.000210593 -0.00129594 -0.0038839 -4.82557e-05 0.00488118 0.000509918 0.00191917 -0.00484563 0.00493563 -0.00767887 0.00876544 9.83208e-05 -0.000458449 0.000430343 0.00155376 0.000257734 0.00102674 0.00183353 0.000293961 0.00125241 -0.00183343 -0.00570031
internal_weight=90464 87630 1255 86375 27700 1565 58675 2892 55783 7217 1749 48566 738 26135 3441 2834 940 604 469 43932 5468 24212 3185 21027 2977 2227 22694 4511 1145 2245
internal_count=90464 87630 1255 86375 27700 1565 58675 2892 55783 7217 1749 48566 738 26135 3441 2834 940 604 469 43932 5468 24212 3185 21027 2977 2227 22694 4511 1145 2245
is_linear=0
shrinkage=0.05


Tree=9
num_leaves=31
num_cat=0
split_feature=11 57 48 100 82 81 81 82 181 71 160 44 159 17 180 10 5 82 177 15 25 157 25 34 160 85 116 47 14 152
split_gain=23.4882 4.63036 8.43494 5.52117 5.68834 4.75338 10.1973 12.7923 4.62849 3.27559 5.86063 2.88518 2.86848 2.83983 2.55041 3.19465 2.54351 2.33682 2.31186 3.76416 2.26005 2.23745 2.15653 2.02386 1.93177 1.82288 1.77409 1.75132 1.63937 1.78451
threshold=0.89296352863311779 1.2464840412139895 0.92980691790580761 0.47499999403953558 0.058333335444331176 0.21666666865348819 0.25000000745058065 0.025000001303851608 0.94988434125090737 0.6754380762577058 0.43421272884252821 1.0932256579399111 0.90737825292674767 0.63510873913764965 5.1944601660143839 1.0695351362228396 0.037703869864344604 0.075000002980232253 1.9651020811818982 0.86445662379264843 0.11504753679037096 -0.019294298253953453 0.09966015070676805 0.73210135102272045 0.96807897675294929 -0.22500000149011609 0.72059407830238353 1.0873668193817141 1.0079585313796999 0.47782382369041448
decision_type=2 2 2 2 2 2 2 2 8 2 2 2 2 8 8 2 2 2 8 10 10 10 8 10 2 2 10 2 10 10
left_child=24 5 11 14 20 8 7 12 27 -10 -11 17 -7 26 15 -4 18 -3 19 -12 -5 -6 -18 -21 -1 -13 -8 -2 29 -15
right_child=1 2 3 4 21 6 13 -9 9 10 16 25 -14 28 -16 -17 22 -19 -20 23 -22 -23 -24 -25 -26 -27 -28 -29 -30 -31
leaf_value=-0.0059175211928254555 0.0061133044293237978 0.0085048828526600832 0.001042629163274319 0.0097512398955274509 0.0038815374518771407 -0.0098752305321917026 -0.0029477959425420323 -0.0012491601595340184 -0.00013279336937696342 0.0041718467198233961 0.0042302305486925807 -0.00096404322626046093 -0.00068842976020927645 -0.00066012206727313972 -0.0016529746895939364 0.0053144929046901948 0 0.00038366580536444705 0.00019204922012401777 0.00023238524588732663 0 0.00021856671533619613 -0.005827959985538117 0.0039243969209834294 -0.0013484753708976525 -0.0039098409105350687 0.0022350180484311984 0.0020331591285225269 -0.00039288551959097213 0.0004947083267585246
leaf_weight=1764 408 108 4826 462 1209 673 1309 2393 17760 1246 1079 1814 111 4212 743 490 394 560 7259 2660 61 682 273 438 301 782 177 923 19678 15807
leaf_count=1764 408 108 4826 462 1209 673 1309 2393 17760 1246 1079 1814 111 4212 743 490 394 560 7259 2660 61 682 273 438 301 782 177 923 19678 15807
internal_value=-6.04769e-06 0.000116376 0.00104138 0.00187545 0.00390484 -2.43482e-05 -0.000361345 -0.00309109 0.000434933 0.000309568 0.000901814 -0.00110838 -0.00864078 -0.000149478 0.00105815 0.00144672 0.000560717 0.00178217 0.00073919 0.0016778 0.00855773 0.00258771 -0.00242094 0.0007716 -0.0052767 -0.00187183 -0.00229575 0.00332506 -6.78205e-05 0.000249214
internal_weight=90602 88537 11737 8473 2414 76800 44360 3177 32440 31109 13349 3264 784 41183 6059 5316 12103 668 11436 4177 523 1891 667 3098 2065 2596 1486 1331 39697 20019
internal_count=90602 88537 11737 8473 2414 76800 44360 3177 32440 31109 13349 3264 784 41183 6059 5316 12103 668 11436 4177 523 1891 667 3098 2065 2596 1486 1331 39697 20019
is_linear=0
shrinkage=0.05


Tree=10
num_leaves=31
num_cat=0
split_feature=11 89 32 39 81 81 82 82 29 17 41 81 159 92 17 159 53 74 159 62 11 48 180 25 52 46 119 160 81 6
split_gain=20.0894 5.03094 4.25071 6.03274 4.04361 3.17955 6.44424 3.07372 3.63552 3.03403 2.49394 2.33622 2.48447 2.6402 4.31089 2.29496 2.26045 2.18053 2.81938 3.33933 2.29395 2.13232 2.10712 1.94373 1.86901 1.73997 1.65176 2.06192 1.56471 1.55807
threshold=0.89923262596130382 0.49869064986705786 -0.0052938591688871375 -0.010943233966827391 0.21666666865348819 0.25000000745058065 0.025000001303851608 0.058333335444331176 -0.0046645207330584517 0.78707411885261547 -0.073835272341966615 0.18333333730697635 0.81958259461285321 0.54187574982643139 0.78115898370742809 0.96576159771754644 1.1398835182189944 0.35000000894069677 0.54851801526096822 0.86359596252441417 0.96416935324668895 0.8684268891811372 0.83348255822489936 0.060796180739998824 0.60860455036163341 1.8155988454818728 0.27018114924430853 0.82830883483797557 0.31666667759418493 0.34146137535572058
decision_type=2 8 10 10 2 2 2 2 10 10 8 2 2 10 8 2 2 2 2 2 2 2 10 10 2 2 10 2 2 2
left_child=10 2 3 7 17 6 15 8 -2 11 -1 22 13 14 28 -6 -9 -4 19 20 -19 -5 -3 -24 -14 -18 27 -11 -13 -12
right_child=1 9 4 21 5 -7 -8 16 -10 26 29 12 24 -15 -16 -17 25 18 -20 -21 -22 -23 23 -25 -26 -27 -28 -29 -30 -31
leaf_value=-0.006115438705951941 0.00089104045149850152 -0.00057730423783201119 0.00012519125969715156 -0.0023787314348821666 -0.0093933794477522176 2.9814439305184084e-05 -0.00040026252196186655 0.0015325029617923995 0.011020877961047268 0.0026786499999369427 -0.001221499327988246 -0.01127396506832584 -0.0027847638662926318 -0.0009638555698893858 -0.0015337572743270645 0.0047269992797669995 0.0066890133409166835 0.0013406813205422998 0.00083377065592919047 0.00096268057435971966 0.0059184781229282904 0.0010448004641258667 0.0057414200663378706 -0.0018725145026629827 -0.00015229778415797794 -0.0037335688187005488 -0.00016796897990314832 0.0001048779995946604 -0.0050895358791627418 -0.0049556667529966347
leaf_weight=1219 144 5169 5636 519 331 23149 1062 1061 289 1185 723 254 997 702 474 26 442 433 7150 1389 930 3338 258 111 2219 37 28112 2391 247 511
leaf_count=1219 144 5169 5636 519 331 23149 1062 1061 289 1185 723 254 997 702 474 26 442 433 7150 1389 930 3338 258 111 2219 37 28112 2391 247 511
internal_value=-1.26738e-05 0.000111127 0.000473423 0.00173654 0.000288524 -0.000108928 -0.00240595 0.00398892 0.00777709 -0.000282816 -0.00447535 -0.00102261 -0.0018207 -0.00339284 -0.00508771 -0.00821501 0.00288701 0.000920142 0.0013675 0.00273523 0.0045029 0.000570671 -0.000308243 0.00331704 -0.000984549 0.00577366 -3.76902e-05 0.000972252 -0.00834077 -0.00281107
internal_weight=90508 88055 45936 5830 40106 24568 1419 1973 433 42119 2453 10431 4893 1677 975 357 1540 15538 9902 2752 1363 3857 5538 369 3216 479 31688 3576 501 1234
internal_count=90508 88055 45936 5830 40106 24568 1419 1973 433 42119 2453 10431 4893 1677 975 357 1540 15538 9902 2752 1363 3857 5538 369 3216 479 31688 3576 501 1234
is_linear=0
shrinkage=0.05


Tree=11
num_leaves=31
num_cat=0
split_feature=1 77 82 53 12 92 16 29 37 180 78 178 25 152 141 80 116 79 16 162 92 27 80 177 149 12 59 178 16 177
split_gain=20.7306 3.9679 5.34515 5.1065 4.41296 4.45543 4.2337 9.53687 3.73895 5.48607 3.69081 3.03202 2.70207 2.67241 2.90295 2.50924 2.4455 2.34538 2.18208 2.17382 2.06785 2.04489 1.9023 1.74541 1.73216 1.62416 1.59533 1.45867 1.67435 1.43556
threshold=0.13785236328840259 0.35833333432674414 0.025000001303851608 1.1905371546745303 1.0104984641075136 0.29128541052341467 1.432964622974396 -0.0059378428850322953 0.81259530782699596 0.27882423470116696 0.90000000596046459 0.020516466139862209 0.098389051854610457 0.49544803798198706 0.9203162193298341 0.12500000372529033 0.73448076844215404 0.25000000745058065 1.3521531224250796 0.89587777369270272 0.47047181427478796 0.12102206796407701 0.22500000149011615 5.2994140742957123 0.48325046896934515 0.99177196621894848 1.0427625775337221 0.18408079213212439 0.71300551295280468 12.11722419976117
decision_type=2 2 2 2 2 10 10 8 10 8 2 8 10 10 8 2 8 2 10 2 10 10 2 8 10 2 2 10 8 8
left_child=1 3 4 6 -3 24 15 22 13 27 11 -11 -9 14 29 21 -16 18 -15 -2 -13 -1 -8 -18 -6 -22 -17 28 -10 -4
right_child=19 2 8 -5 5 -7 7 12 9 10 -12 20 -14 17 16 26 23 -19 -20 -21 25 -23 -24 -25 -26 -27 -28 -29 -30 -31
leaf_value=0.0006560253686017783 -0.0057651661063352995 -0.00076930438255345067 -0.0014217861421313334 0.0056705835023760217 -0.0021301165584665001 -0.0016473412256248856 -0.0034567543868687326 0.010422321072597628 0.0044429903126562203 0.011884152341289537 0.0001441283569497466 0.00041268182898558783 0 0.00092867736325622126 -0.00046510340612329485 -1.1413901373705333e-05 0.0049657038706535633 -2.4379908732320179e-05 0.0060810877367081934 -0.0018258262691771962 0.00094886540443569947 0.0026163487795519899 0.0015303258767374629 0.00053703610071766615 -0.0090814748005981893 0.0062593483468627699 0.0018921971217200507 -0.00099247369922863724 0.00030956806864266759 -0.0044496641358764619
leaf_weight=5349 1636 5390 1453 483 141 908 243 411 304 140 664 341 73 5565 17718 21284 339 17847 217 499 209 1824 850 736 417 727 1157 1703 1424 584
leaf_count=5349 1636 5390 1453 483 141 908 243 411 304 140 664 341 73 5565 17718 21284 339 17847 217 499 209 1824 850 736 417 727 1157 1703 1424 584
internal_value=-1.19883e-06 0.000115724 -0.000133513 0.000564456 -0.0014428 -0.00388273 0.000483604 0.00301127 4.5145e-05 0.00127404 0.00329909 0.00474109 0.00885138 -0.000106113 -0.000519772 0.000347216 -0.000322285 0.000256435 0.00113171 -0.00486914 0.00391018 0.00116177 0.000373729 0.0019834 -0.00742135 0.00512921 8.45833e-05 3.06152e-05 0.00106781 -0.00231616
internal_weight=90636 88501 56827 31674 6856 1466 31191 1577 49971 5512 2081 1417 484 44459 20830 29614 18793 23629 5782 2135 1277 7173 1093 1075 558 936 22441 3431 1728 2037
internal_count=90636 88501 56827 31674 6856 1466 31191 1577 49971 5512 2081 1417 484 44459 20830 29614 18793 23629 5782 2135 1277 7173 1093 1075 558 936 22441 3431 1728 2037
is_linear=0
shrinkage=0.05


Tree=12
num_leaves=31
num_cat=0
split_feature=1 126 77 53 82 158 147 16 29 82 161 92 11 40 15 52 72 161 158 92 80 102 16 80 26 149 147 51 87 147
split_gain=19.51 4.16417 4.1132 5.31989 4.39947 9.79884 3.49776 3.25656 7.41226 4.30578 3.25099 3.18009 2.74002 2.48221 2.22273 1.89146 1.88427 3.73346 1.92961 1.88388 1.83525 1.74646 1.56308 1.51253 1.47099 1.41788 1.38434 1.36295 1.35406 1.32333
threshold=0.12111108377575876 0.41833338141441351 0.35833333432674414 1.1905371546745303 0.025000001303851608 0.42777667117288526 0.52795326709747326 1.2892321944236758 -0.0062736426480114451 0.058333335444331176 0.11563943418918972 0.26928040385246282 0.9953809678554536 -0.040524965152144425 0.72763344645500194 0.92890530824661266 0.68795275688171398 0.84926710655975357 0.39982930560851443 0.59046700596809398 0.075000001117587103 0.52500000596046459 0.8370942771434785 0.52500000596046459 0.17079202085733416 0.54170888662338268 0.49819707870483404 0.7178441882133485 0.85833334922790538 0.49554911255836492
decision_type=2 10 2 2 2 2 10 10 8 2 2 10 2 10 8 2 2 2 2 10 2 2 8 2 10 8 10 2 2 10
left_child=1 2 3 7 5 11 16 20 15 23 -3 -4 -7 -2 -12 -9 26 18 19 -18 27 -14 -16 -10 -5 -22 -6 -1 -15 -11
right_child=13 10 4 24 6 12 -8 8 9 29 14 -13 21 28 22 -17 17 -19 -20 -21 25 -23 -24 -25 -26 -27 -28 -29 -30 -31
leaf_value=0.0035831498677396326 -0.005415280862693668 0.00060157787582745608 -0.010637282536171893 0.0067647141190516104 0.00026515536282020031 -0.0002220076411815858 -0.0011906909326529058 -0.0014214569604643432 0.0099365507030809656 0.0042473376735803507 -0.010163922468200326 -0.0036810208709993036 -0.00021844346339805937 -0.0016411336122600061 0.0051997244438039981 0.0017008320376312163 0.00054684650982715025 0.0053907952649823541 0.00029659095165640218 0.0053753891562410084 0.0003821721483004545 -0.0047632678142961798 0.0011215078270901575 0.00058182456301555279 -0.0021813958536746891 -0.00043450478587816072 -0.00042549731537414135 0.00083680323974660148 -0.0050193594596622624 -0.00064414038580154758
leaf_weight=520 1454 2143 328 421 14098 4775 5734 935 428 326 25 394 358 1279 935 998 478 404 10536 386 14052 616 360 61 42 8518 14868 4493 424 212
leaf_count=520 1454 2143 328 421 14098 4775 5734 935 428 326 25 394 358 1279 935 998 478 404 10536 386 14052 616 360 61 42 8518 14868 4493 424 212
internal_value=-5.92414e-06 0.000132956 6.22639e-05 0.000520096 -0.000204764 -0.00142635 -3.3679e-05 0.000437589 0.00201593 0.00544799 0.00183237 -0.0069207 -0.000726551 -0.00386736 0.00379072 0.000164761 0.000127845 0.000660793 0.000488325 0.00276557 0.000266333 -0.00314601 0.00410633 0.00887521 0.00584248 7.17345e-05 -8.76271e-05 0.00113231 -0.00251401 0.00222946
internal_weight=90601 87444 83981 31006 52975 6471 46504 30543 2960 1027 3463 722 5749 3157 1320 1933 40770 11804 11400 864 27583 974 1295 489 463 22570 28966 5013 1703 538
internal_count=90601 87444 83981 31006 52975 6471 46504 30543 2960 1027 3463 722 5749 3157 1320 1933 40770 11804 11400 864 27583 974 1295 489 463 22570 28966 5013 1703 538
is_linear=0
shrinkage=0.05


Tree=13
num_leaves=31
num_cat=0
split_feature=11 89 79 16 5 25 72 39 81 5 114 161 158 141 178 17 82 47 139 80 26 140 52 159 69 50 144 38 82 159
split_gain=16.4116 4.02481 3.88629 9.41041 4.44135 3.81106 3.3591 3.19693 3.043 2.55627 2.33848 2.68204 2.20239 2.01506 1.94525 1.75397 1.68364 1.73435 1.60249 1.55987 1.54887 1.42763 1.4249 2.64101 1.42446 1.31141 1.30619 1.72226 2.0251 1.80421
threshold=0.89296352863311779 0.58830586075782787 0.45000000298023229 1.432964622974396 0.03923341631889344 0.087051838636398329 0.07529627159237863 -0.057863226160407059 0.15000000596046451 0.024495338089764122 0.71746617555618297 0.4990859041235417 0.33339714139867282 0.82973870635032665 0.0044980264016703832 0.53550803661346447 0.42499999701976782 1.4727565050125124 0.86680373549461376 0.075000001117587103 0.18534153699874881 1.6181415915489199 0.74406939744949352 0.78415100422274142 0.29867988824844366 0.82607445120811474 0.45442435145378118 0.003452026168815792 0.025000001303851608 0.67783628648313277
decision_type=2 8 2 10 2 10 2 10 2 2 10 2 2 10 10 8 2 2 8 2 10 10 2 2 2 2 10 8 2 2
left_child=18 2 3 4 8 -5 7 20 12 10 16 -12 -2 25 24 -11 17 -3 -1 -15 21 -4 23 -14 -10 -8 27 28 29 -21
right_child=1 9 6 5 -6 -7 13 -9 14 15 11 -13 22 19 -16 -17 -18 -19 -20 26 -22 -23 -24 -25 -26 -27 -28 -29 -30 -31
leaf_value=-0.0052436080446043422 0.0044484574542976189 -0.00081278974148565419 0.0063439040120448625 0.0097844639344492335 -0.0031325186269065201 0 -0.0037180429101246536 0.00075178149499966493 -0.00076895293871902227 -0.0056231230320019383 0.00037015491857211326 0.0038497986401885933 0.0040859532581105631 0.00079357585650751338 0.00015311126922078097 -0.0012539252863265871 0.00016553275002782351 0.001109393871924528 -0.0020401088682747777 -0.0056079294270602988 -0.0045517032966017725 -0.00081463674132999792 0.00062030977837178563 0.0010669498048512967 0.0026944546742921076 -0.00079143462342313878 0.00010345048786926484 9.0855339141568802e-05 -0.00082879301415777714 -0.00078785215714584833
leaf_weight=1502 685 15020 484 412 706 137 597 4911 351 256 4247 645 1157 4459 10640 3240 9750 1251 610 470 36 67 3062 2115 1385 1241 12299 4048 4518 377
leaf_count=1502 685 15020 484 412 706 137 597 4911 351 256 4247 645 1157 4459 10640 3240 9750 1251 610 470 36 67 3062 2115 1385 1241 12299 4048 4518 377
internal_value=1.08449e-05 0.000115292 0.000384368 0.000924025 0.000744665 0.00738687 5.02742e-05 0.00118126 0.000888531 -0.000306759 -0.000160007 0.00083985 0.00172234 -0.00016998 0.000411497 -0.00158968 -0.000349929 -0.00066187 -0.00434342 -5.5586e-05 0.00468195 0.00538297 0.00141898 0.00215069 0.00196537 -0.00177072 -0.00023231 -0.000676289 -0.00126434 -0.00352493
internal_weight=90678 88566 54157 20650 20101 549 33507 5498 19395 34409 30913 4892 7019 28009 12376 3496 26021 16271 2112 26171 587 551 6334 3272 1736 1838 21712 9413 5365 847
internal_count=90678 88566 54157 20650 20101 549 33507 5498 19395 34409 30913 4892 7019 28009 12376 3496 26021 16271 2112 26171 587 551 6334 3272 1736 1838 21712 9413 5365 847
is_linear=0
shrinkage=0.05


Tree=14
num_leaves=31
num_cat=0
split_feature=1 90 36 82 152 16 56 18 79 178 150 80 80 92 80 12 158 158 17 159 162 40 48 3 16 27 31 25 25 62
split_gain=16.585 3.46649 3.50032 2.35656 2.32162 2.75543 5.65413 2.28701 1.95411 2.56449 3.64118 1.90899 3.69343 3.68619 6.47438 3.14889 2.42228 1.62049 1.54578 2.2715 1.4783 1.46113 1.37099 1.37095 1.35351 1.33997 1.31022 1.27662 1.18022 1.17127
threshold=0.13785236328840259 0.39904147386550909 0.80700674653053295 0.50833332538604747 0.51199722290039074 1.2892321944236758 1.1806005239486697 1.1198952198028567 0.45000000298023229 0.013429332477982793 0.46084484457969671 0.37500000000000006 0.62500000000000011 0.38310989737510687 0.32500000298023229 1.0015863776206972 0.38377413716039938 0.28173714759535662 0.71772727370262157 0.8859458297221029 0.90123096775980926 -0.10443537309765814 0.94176939129829418 0.03198650851845742 1.3891803026199343 0.1735939756035805 -0.0051969820633530608 0.10375531762838365 0.064551886171102538 0.43390746414661413
decision_type=2 8 10 2 10 10 2 2 2 10 10 2 2 10 2 2 2 2 8 2 2 10 2 2 10 10 8 10 10 2
left_child=1 4 3 11 8 21 -7 -5 9 10 28 13 16 14 18 -16 -13 -4 19 -3 26 -6 -8 -10 -18 -12 -2 -27 -1 -19
right_child=20 2 17 7 5 6 22 -9 23 -11 25 12 -14 -15 15 -17 24 29 -20 -21 -22 -23 -24 -25 -26 27 -28 -29 -30 -31
leaf_value=0.0023825065121028193 -0.002412478171301372 -0.0073724407038134199 0.0043292007050949521 0.00020265336004798084 0.0040524507593972777 0.0082957532577726239 -0.00021178859203579826 0.0050010821887926295 1.295680296724431e-05 0.00042268668545365393 0.0031335919217339715 0.0063003979283727061 -0.00054476480732666775 -0.00045205634924442792 -0.0017653999791869186 -0.0092582869119212582 0.00065805066076019632 -0.0064863072036622244 -0.00072005582463542921 -0.00052991883955181836 -0.0016983176527067363 0.00063042105111387934 0.002904525243485799 -0.0019647327644746779 0.0066610088078328886 0.0096091269019676091 -0.0058652635013485806 0.0014537283172830939 -0.0026248403977104664 0.00094748231979402224
leaf_weight=175 426 237 371 14321 331 391 637 253 13030 7098 796 210 13633 13694 235 433 4914 51 2591 283 481 7877 720 935 97 200 1258 84 326 4780
leaf_count=175 426 237 371 14321 331 391 637 253 13030 7098 796 210 13633 13694 235 433 4914 51 2591 283 481 7877 720 935 97 200 1258 84 326 4780
internal_value=1.32223e-05 0.000119325 -0.000118213 -0.000245282 0.000529641 0.0011673 0.0029794 0.000289721 0.000247029 0.000836881 0.00266338 -0.000461297 -0.000109299 -0.000838226 -0.00222388 -0.00670363 0.00101809 0.00111533 -0.00124406 -0.00375266 -0.0043089 0.000774987 0.00140577 -0.000116007 0.000785534 0.00430386 -0.00502344 0.00738597 -0.000774904 0.000857331
internal_weight=90868 88703 56103 50901 32600 9956 1748 14574 22644 8679 1581 36327 18854 17473 3779 668 5221 5202 3111 520 2165 8208 1357 13965 5011 1080 1684 284 501 4831
internal_count=90868 88703 56103 50901 32600 9956 1748 14574 22644 8679 1581 36327 18854 17473 3779 668 5221 5202 3111 520 2165 8208 1357 13965 5011 1080 1684 284 501 4831
is_linear=0
shrinkage=0.05


end of trees

feature_importances:
feature_IMIN60=22
feature_IMIN30=21
amount_20=17
feature_ROC30=16
feature_STD20=15
feature_IMIN20=14
feature_KLEN=12
feature_KLOW=12
feature_LOW0=12
feature_QTLU5=12
momentum_60=12
feature_ROC60=11
(rank(volume_ratio_5_20)*(rank(amount_20)/rank(reversal_20)))=11
feature_IMIN10=10
feature_CORR60=8
feature_RESI10=7
feature_MIN60=7
feature_QTLU60=7
feature_IMXD60=7
feature_CORR10=7
price_vs_ma20=7
((rank(reversal_20)*rank(volume_ratio_5_20))/rank(amount_20))=7
feature_VSUMP60=6
(rank(amount_20)*(rank(volume_ratio_20_60)*rank(volume_ratio_5_20)))=6
feature_KMID=5
feature_VWAP0=5
feature_STD30=5
feature_RSQR60=5
feature_RESI5=5
feature_MAX30=5
feature_QTLD60=5
feature_WVMA30=5
feature_WVMA60=5
feature_KSFT2=4
feature_OPEN0=4
feature_BETA10=4
feature_SUMP10=4
feature_VSUMN60=4
feature_VSUMD60=4
reversal_20=4
feature_KSFT=3
feature_ROC20=3
feature_BETA60=3
feature_MAX60=3
feature_MIN5=3
feature_MIN10=3
feature_MIN30=3
feature_IMXD30=3
feature_CNTP20=3
feature_CNTP60=3
feature_SUMP30=3
feature_SUMD30=3
feature_WVMA10=3
feature_KLOW2=2
feature_HIGH0=2
feature_ROC10=2
feature_MA5=2
feature_STD60=2
feature_BETA5=2
feature_BETA20=2
feature_BETA30=2
feature_RSQR30=2
feature_RESI20=2
feature_MAX10=2
feature_MAX20=2
feature_QTLD5=2
feature_RSV60=2
feature_IMAX5=2
feature_IMAX10=2
feature_IMAX60=2
feature_SUMP60=2
feature_SUMN30=2
feature_SUMD60=2
feature_VMA60=2
feature_VSUMP10=2
feature_VSUMN10=2
volatility_20=2
feature_KUP=1
feature_ROC5=1
feature_MA60=1
feature_STD5=1
feature_STD10=1
feature_RSQR5=1
feature_RSQR10=1
feature_RESI30=1
feature_RESI60=1
feature_MIN20=1
feature_QTLU30=1
feature_QTLD10=1
feature_QTLD20=1
feature_RSV10=1
feature_RSV30=1
feature_IMIN5=1
feature_IMXD10=1
feature_IMXD20=1
feature_CORR20=1
feature_SUMN10=1
feature_SUMD20=1
feature_WVMA20=1
feature_VSUMN20=1
(rank(amount_20)/(rank(reversal_20)*rank(volume_ratio_5_20)))=1

parameters:
[boosting: gbdt]
[objective: regression]
[metric: l2]
[tree_learner: serial]
[device_type: cpu]
[data_sample_strategy: bagging]
[data: ]
[valid: ]
[num_iterations: 400]
[learning_rate: 0.05]
[num_leaves: 31]
[num_threads: 20]
[seed: 42]
[deterministic: 0]
[force_col_wise: 0]
[force_row_wise: 0]
[histogram_pool_size: -1]
[max_depth: -1]
[min_data_in_leaf: 20]
[min_sum_hessian_in_leaf: 0.001]
[bagging_fraction: 0.8]
[pos_bagging_fraction: 1]
[neg_bagging_fraction: 1]
[bagging_freq: 1]
[bagging_seed: 400]
[bagging_by_query: 0]
[feature_fraction: 0.8]
[feature_fraction_bynode: 1]
[feature_fraction_seed: 30056]
[extra_trees: 0]
[extra_seed: 12879]
[early_stopping_round: 0]
[early_stopping_min_delta: 0]
[first_metric_only: 0]
[max_delta_step: 0]
[lambda_l1: 1]
[lambda_l2: 1]
[linear_lambda: 0]
[min_gain_to_split: 0]
[drop_rate: 0.1]
[max_drop: 50]
[skip_drop: 0.5]
[xgboost_dart_mode: 0]
[uniform_drop: 0]
[drop_seed: 17869]
[top_rate: 0.2]
[other_rate: 0.1]
[min_data_per_group: 100]
[max_cat_threshold: 32]
[cat_l2: 10]
[cat_smooth: 10]
[max_cat_to_onehot: 4]
[top_k: 20]
[monotone_constraints: ]
[monotone_constraints_method: basic]
[monotone_penalty: 0]
[feature_contri: ]
[forcedsplits_filename: ]
[refit_decay_rate: 0.9]
[cegb_tradeoff: 1]
[cegb_penalty_split: 0]
[cegb_penalty_feature_lazy: ]
[cegb_penalty_feature_coupled: ]
[path_smooth: 0]
[interaction_constraints: ]
[verbosity: -1]
[saved_feature_importance_type: 0]
[use_quantized_grad: 0]
[num_grad_quant_bins: 4]
[quant_train_renew_leaf: 0]
[stochastic_rounding: 1]
[linear_tree: 0]
[max_bin: 255]
[max_bin_by_feature: ]
[min_data_in_bin: 3]
[bin_construct_sample_cnt: 200000]
[data_random_seed: 175]
[is_enable_sparse: 1]
[enable_bundle: 1]
[use_missing: 1]
[zero_as_missing: 0]
[feature_pre_filter: 1]
[pre_partition: 0]
[two_round: 0]
[header: 0]
[label_column: ]
[weight_column: ]
[group_column: ]
[ignore_column: ]
[categorical_feature: ]
[forcedbins_filename: ]
[precise_float_parser: 0]
[parser_config_file: ]
[objective_seed: 16083]
[num_class: 1]
[is_unbalance: 0]
[scale_pos_weight: 1]
[sigmoid: 1]
[boost_from_average: 1]
[reg_sqrt: 0]
[alpha: 0.9]
[fair_c: 1]
[poisson_max_delta_step: 0.7]
[tweedie_variance_power: 1.5]
[lambdarank_truncation_level: 30]
[lambdarank_norm: 1]
[label_gain: ]
[lambdarank_position_bias_regularization: 0]
[eval_at: ]
[multi_error_top_k: 1]
[auc_mu_weights: ]
[num_machines: 1]
[local_listen_port: 12400]
[time_out: 120]
[machine_list_filename: ]
[machines: ]
[gpu_platform_id: -1]
[gpu_device_id: -1]
[gpu_device_id_list: ]
[gpu_use_dp: 0]
[num_gpu: 1]

end of parameters

pandas_categorical:[]
