tree
version=v4
num_class=1
num_tree_per_iteration=1
label_index=0
max_feature_idx=166
objective=regression
feature_names=feature_KMID feature_KLEN feature_KMID2 feature_KUP feature_KUP2 feature_KLOW feature_KLOW2 feature_KSFT feature_KSFT2 feature_OPEN0 feature_HIGH0 feature_LOW0 feature_VWAP0 feature_ROC5 feature_ROC10 feature_ROC20 feature_ROC30 feature_ROC60 feature_MA5 feature_MA10 feature_MA20 feature_MA30 feature_MA60 feature_STD5 feature_STD10 feature_STD20 feature_STD30 feature_STD60 feature_BETA5 feature_BETA10 feature_BETA20 feature_BETA30 feature_BETA60 feature_RSQR5 feature_RSQR10 feature_RSQR20 feature_RSQR30 feature_RSQR60 feature_RESI5 feature_RESI10 feature_RESI20 feature_RESI30 feature_RESI60 feature_MAX5 feature_MAX10 feature_MAX20 feature_MAX30 feature_MAX60 feature_MIN5 feature_MIN10 feature_MIN20 feature_MIN30 feature_MIN60 feature_QTLU5 feature_QTLU10 feature_QTLU20 feature_QTLU30 feature_QTLU60 feature_QTLD5 feature_QTLD10 feature_QTLD20 feature_QTLD30 feature_QTLD60 feature_RANK5 feature_RANK10 feature_RANK20 feature_RANK30 feature_RANK60 feature_RSV5 feature_RSV10 feature_RSV20 feature_RSV30 feature_RSV60 feature_IMAX5 feature_IMAX10 feature_IMAX20 feature_IMAX30 feature_IMAX60 feature_IMIN5 feature_IMIN10 feature_IMIN20 feature_IMIN30 feature_IMIN60 feature_IMXD5 feature_IMXD10 feature_IMXD20 feature_IMXD30 feature_IMXD60 feature_CORR5 feature_CORR10 feature_CORR20 feature_CORR30 feature_CORR60 feature_CORD5 feature_CORD10 feature_CORD20 feature_CORD30 feature_CORD60 feature_CNTP5 feature_CNTP10 feature_CNTP20 feature_CNTP30 feature_CNTP60 feature_CNTN5 feature_CNTN10 feature_CNTN20 feature_CNTN30 feature_CNTN60 feature_CNTD5 feature_CNTD10 feature_CNTD20 feature_CNTD30 feature_CNTD60 feature_SUMP5 feature_SUMP10 feature_SUMP20 feature_SUMP30 feature_SUMP60 feature_SUMN5 feature_SUMN10 feature_SUMN20 feature_SUMN30 feature_SUMN60 feature_SUMD5 feature_SUMD10 feature_SUMD20 feature_SUMD30 feature_SUMD60 feature_VMA5 feature_VMA10 feature_VMA20 feature_VMA30 feature_VMA60 feature_VSTD5 feature_VSTD10 feature_VSTD20 feature_VSTD30 feature_VSTD60 feature_WVMA5 feature_WVMA10 feature_WVMA20 feature_WVMA30 feature_WVMA60 feature_VSUMP5 feature_VSUMP10 feature_VSUMP20 feature_VSUMP30 feature_VSUMP60 feature_VSUMN5 feature_VSUMN10 feature_VSUMN20 feature_VSUMN30 feature_VSUMN60 feature_VSUMD5 feature_VSUMD10 feature_VSUMD20 feature_VSUMD30 feature_VSUMD60 amount_20 momentum_60 price_vs_ma20 reversal_20 volatility_20 volume_ratio_20_60 volume_ratio_5_20 pe earnings_yield
feature_infos=[-0.18378382921218872:0.23204429447650909] [0:0.2587992250919342] [-1:1] [0:0.17515505850315094] [0:1] [0:0.1814553290605545] [0:1] [-0.21837836503982544:0.2587992250919342] [-1:1] [0.81165915727615356:1.2251656055450439] [1:1.2768211364746094] [0.78991591930389404:1] [0.86167383193969727:1.1553093194961548] [0.50938946008682251:1.8084112405776978] [0.38546353578567505:2.5034608840942383] [0.20094425976276398:3.1202185153961182] [0.18492695689201355:5.7117090225219727] [0.13746649026870728:7.1328182220458984] [0.73912703990936279:1.3500000238418579] [0.58375918865203857:1.6204214096069336] [0.48958152532577515:2.2400727272033691] [0.40701004862785339:2.491147518157959] [0.28582838177680969:3.7705175876617432] [0:0.31421336531639099] [0.00023446726845577359:0.44042909145355225] [0.0005574155948124826:0.84243810176849365] [0.0005574155948124826:1.5140218734741211] [0.0005574155948124826:2.5884873867034912] [-0.18953272700309753:0.11699225753545761] [-0.14318288862705231:0.091486923396587372] [-0.13684648275375366:0.091486923396587372] [-0.153787761926651:0.091486923396587372] [-0.13677342236042023:0.091486923396587372] [0:1] [0:1] [0:1] [2.2261162995574702e-15:1] [8.3690260277435868e-10:1] [-0.11662719398736954:0.098536819219589233] [-0.23734408617019653:0.19709315896034241] [-0.45356476306915283:0.34632593393325806] [-0.59292685985565186:0.92638540267944336] [-1.1882275342941284:1.6086900234222412] [1:1.7841874361038208] [1:2.2531874179840088] [1:3.1650238037109375] [1:5.7535200119018555] [1:9.3708133697509766] [0.50947773456573486:1] [0.34822705388069153:1] [0.19764620065689087:1] [0.18116329610347748:1] [0.079663857817649841:1] [0.86649966239929199:1.6521495580673218] [0.72217452526092529:2.0949892997741699] [0.58081799745559692:3.0763568878173828] [0.47937741875648499:3.5877678394317627] [0.33353924751281738:7.2022075653076172] [0.58712047338485718:1.184606671333313] [0.39663863182067871:1.3228549957275391] [0.22801922261714935:1.6053929328918457] [0.19504037499427795:1.7554135322570801] [0.12582564353942871:2.6131875514984131] [0.20000000298023224:1] [0.10000000149011612:1] [0.05000000074505806:1] [0.033333335071802139:1] [0.01666666753590107:1] [0:1] [0:1] [0:1] [0:1] [0:1] [0.20000000298023224:1] [0.10000000149011612:1] [0.05000000074505806:1] [0.033333335071802139:1] [0.01666666753590107:1] [0.20000000298023224:1] [0.10000000149011612:1] [0.05000000074505806:1] [0.033333335071802139:1] [0.01666666753590107:1] [-0.80000001192092896:0.80000001192092896] [-0.89999997615814209:0.89999997615814209] [-0.94999998807907104:0.94999998807907104] [-0.96666663885116577:0.96666663885116577] [-0.98333334922790527:0.98333334922790527] [-1:1] [-1:1] [-1:1] [-1:1] [-1:1] [-1:1] [-1:1] [-1:1] [-1:1] [-1:1] [0:1] [0:1] [0:0.94999998807907104] [0:0.86666667461395264] [0:0.76666665077209473] [0:1] [0:1] [0:0.94999998807907104] [0:0.86666667461395264] [0:0.83333331346511841] [-1:1] [-1:1] [-0.94999998807907104:0.89999997615814209] [-0.76666665077209473:0.76666665077209473] [-0.75:0.55000001192092896] [0:1] [0:1] [0:1] [0:1] [0:1] [0:1] [0:1] [0:1] [0:1] [0:1] [-1:1] [-1:1] [-1:1] [-1:1] [-1:1] [0.20471267402172089:235.782958984375] [0.10461504012346268:383.34182739257812] [0.075067855417728424:425.7928466796875] [0.056173093616962433:430.86871337890625] [0.033522188663482666:438.94296264648438] [0.00029457567143253982:408.0859375] [0.0027553131803870201:414.00186157226562] [0.0027553131803870201:307.87985229492188] [0.0027553131803870201:262.36935424804688] [0.0027553131803870201:275.11691284179688] [0:2.2360680103302002] [0.018472533673048019:3.0074613094329834] [0.068585917353630066:3.8974208831787109] [0.068585917353630066:4.5948772430419922] [0.068585917353630066:5.3810009956359863] [0:1] [0:1] [0:1] [0:1] [0:1] [0:1] [0:1] [0:1] [0:1] [0:1] [-1:1] [-1:1] [-1:1] [-1:1] [-1:1] [0.00038284839203675346:0.99851190476190477] [0.00022487069934787497:1] [0.00021706099413935315:1] [0.00022351363433169424:1] [0.00021734405564007825:1] [0.00025176233635448137:1] [0.00022168033695411216:1] [0.012345679012345678:1] [0.012345679012345678:1]
tree_sizes=3026 3049 3015 3046 3041 3049 3062 3049 3047 3081 3067 3052

Tree=0
num_leaves=31
num_cat=0
split_feature=1 57 48 100 81 81 8 0 73 89 41 32 84 84 159 17 80 17 92 87 38 62 5 92 39 46 161 50 80 140
split_gain=56.8039 9.64465 15.5173 9.06676 8.23049 16.0593 10.5484 7.00748 5.98625 5.27508 4.89999 3.73527 3.61384 3.59909 4.14821 3.5893 3.58377 3.57923 3.86795 3.45837 3.28939 3.1566 3.36504 2.83978 2.64664 2.57785 2.97066 2.48102 2.18679 2.45209
threshold=0.12535332143306735 1.2957590222358706 0.94281196594238292 0.47499999403953558 0.21666666865348819 0.25000000745058065 -0.74024075269699086 -0.062028249725699418 0.90000000596046459 0.51963737607002269 0.06466133147478105 0.0027395965298637752 1.0000000180025095e-35 1.0000000180025095e-35 0.62081242277094895 0.94368815422058117 0.37500000000000006 0.75063830614089977 0.37879440188407904 -1.0000000180025095e-35 -0.0027010934427380557 0.84016269445419323 0.030325888656079773 0.62828919291496288 -0.0045465866569429627 1.0806029438972475 0.4990859041235417 0.93130028247833263 0.32500000298023229 0.90821099281311046
decision_type=2 2 2 2 2 2 2 2 2 8 10 10 2 2 2 10 2 10 10 2 10 2 2 10 10 2 2 2 2 10
left_child=1 4 12 7 9 6 15 -4 -2 13 24 -7 16 -1 21 23 -3 18 -8 -12 -13 22 -15 -6 -5 26 -11 -28 29 -9
right_child=8 2 3 10 5 11 17 28 -10 25 19 20 -14 14 -16 -17 -18 -19 -20 -21 -22 -23 -24 -25 -26 -27 27 -29 -30 -31
leaf_value=0.0023561178507518028 -0.006510250398843921 -0.0025925617269242944 0.010029500197276775 0.0081701259393746201 -0.011406763523450741 0.0018997150728229935 -0.0084176011426855199 -0.0024507865599193383 -0.0010778355859661663 0.002021226087006142 0.0080142265120330142 -0.00034378852437033647 0.005120743542334015 0.0083864187894119348 0.0030418019204188221 -0.00091346775517283686 0.001368397646899553 0.00061577020243420879 0.0001637817776579131 0.017940928545810631 0.0015581504153376531 0.0037992743143550854 -1.2239355756304884e-05 -0.0021063781326346948 0.0026584933998064423 0.0012419548872895292 0.0068251322728028778 0.0022623168975018089 0.0037537826989597579 0.0036167001163855054
leaf_weight=8673 2136 779 418 865 420 33654 263 334 708 5592 194 3877 448 1047 5292 185 2268 1943 295 207 5662 1315 124 124 321 9174 665 587 2806 317
leaf_count=8673 2136 779 418 865 420 33654 263 334 708 5592 194 3877 448 1047 5292 185 2268 1943 295 207 5662 1315 124 124 321 9174 665 587 2806 317
internal_value=0.00177695 0.00200158 0.00355638 0.00522269 0.0018244 0.00139796 -0.00200284 0.0038991 -0.00517694 0.00243565 0.00841968 0.00165351 0.000966335 0.00306451 0.00384781 -0.00731377 0.00033822 -0.000431779 -0.00398134 0.0132903 0.000779748 0.00554229 0.00745361 -0.00938962 0.00672246 0.00179287 0.00252402 0.00472784 0.00314123 0.000578676
internal_weight=90693 87849 8957 5462 78892 46423 3230 3875 2844 32469 1587 43193 3495 16451 7778 729 3047 2501 558 401 9539 2486 1171 544 1186 16018 6844 1252 3457 651
internal_count=90693 87849 8957 5462 78892 46423 3230 3875 2844 32469 1587 43193 3495 16451 7778 729 3047 2501 558 401 9539 2486 1171 544 1186 16018 6844 1252 3457 651
is_linear=0
shrinkage=1


Tree=1
num_leaves=31
num_cat=0
split_feature=11 32 58 81 81 8 158 48 41 87 45 26 158 17 44 46 92 13 92 161 15 17 160 158 17 159 10 29 22 11
split_gain=49.6229 8.80188 12.3715 7.49198 13.0141 9.48034 8.42438 4.94512 6.14807 5.10754 7.05387 4.90251 4.70293 4.60064 3.97434 3.65451 3.32838 2.6534 2.6428 2.55202 4.7326 2.4812 2.46359 2.32952 2.29073 2.77117 2.28522 2.24162 2.22155 2.07615
threshold=0.8845697045326234 -0.0035336153814569111 1.0460372567176821 0.21666666865348819 0.25000000745058065 -0.80000177025794972 0.34476371549802426 0.92120456695556652 0.060373105108737952 -1.0000000180025095e-35 1.1820663213729861 0.17079202085733416 0.2656365451533883 0.69215101003646862 1.0941034555435183 1.0998529791831972 0.61381354928016674 1.1382696628570559 0.43262344598770147 0.40018810277585387 0.93539807200431835 0.59424221515655529 0.98287265463589557 0.44430294136892029 0.75063830614089977 0.90737825292674767 1.0330912470817568 0.0059991911984980115 0.94106373190879833 0.95711341500282299
decision_type=2 8 2 2 2 2 2 2 10 2 2 10 2 10 2 2 10 10 10 2 8 8 2 2 10 2 2 10 2 2
left_child=22 2 7 6 5 18 16 14 -9 -10 -11 17 -7 26 -2 19 21 -4 -5 -8 -21 -3 -1 -15 25 -14 -6 -22 29 -18
right_child=1 3 11 4 13 12 15 8 9 10 -12 -13 24 23 -16 -17 28 -19 -20 20 27 -23 -24 -25 -26 -27 -28 -29 -30 -31
leaf_value=-0.0089478267562179258 0.0012964048652286814 -0.0039573704562107332 0.0019709723545007197 -0.012323961743784726 -0.00090272353999651552 -0.010350156469772068 0.00040911156170480244 0.00089306676866754929 0.0020154427750545072 0.013023225839182643 0.0025941758143402977 -0.0028915019583596728 -0.0084201530328287689 -0.0014533660332908982 -0.0020934001898381903 -0.00027922520216029921 0.0024749507599842132 0.010122474373673794 -0.0050838357035835413 0.0050046119332428467 0.00042619593898866127 0.0028127362923267116 -0.0018770268106562717 2.8727560251028297e-05 -0.00075499304295288379 -0.00065827638274343803 -0.0035610152487155172 0.0036925569578180606 0.00098731231241560506 0.0092206000271436838
leaf_weight=1592 1455 152 140 341 2068 168 10843 8531 1158 318 361 98 246 2873 2092 13829 180 591 252 937 3102 930 154 33559 1784 244 1405 645 189 481
leaf_count=1592 1455 152 140 341 2068 168 10843 8531 1158 318 361 98 246 2873 2092 13829 180 591 252 937 3102 930 154 33559 1784 244 1405 645 189 481
internal_value=-8.39803e-06 0.000154912 0.00127089 -6.60969e-05 -0.000495478 -0.00365247 0.000521589 0.000912987 0.00146582 0.00409652 0.00756397 0.00720982 -0.00224638 -0.000254032 -0.000688817 0.000309191 0.00372119 0.00863444 -0.00934513 0.000836464 0.00181477 0.00181272 -0.00835422 -8.68135e-05 -0.00162141 -0.0046661 -0.00199324 0.00100264 0.00608682 0.0074657
internal_weight=90718 88972 14744 74228 42940 3035 31288 13915 10368 1837 679 829 2442 39905 3547 29356 1932 731 593 15527 4684 1082 1746 36432 2274 490 3473 3747 850 661
internal_count=90718 88972 14744 74228 42940 3035 31288 13915 10368 1837 679 829 2442 39905 3547 29356 1932 731 593 15527 4684 1082 1746 36432 2274 490 3473 3747 850 661
is_linear=0
shrinkage=0.05


Tree=2
num_leaves=31
num_cat=0
split_feature=12 89 32 48 81 41 58 17 158 81 82 36 119 38 44 114 26 160 15 25 59 82 0 28 46 81 79 5 3 52
split_gain=36.5826 7.93328 7.08883 7.82094 6.38847 5.59951 5.73237 5.57683 4.78068 4.17745 9.92991 3.70296 3.48652 3.44195 3.14406 2.90986 2.78274 2.44894 2.42062 2.45165 2.30691 2.23734 2.16881 2.49847 2.03288 2.01841 1.92675 4.17884 1.85219 1.70203
threshold=0.95583620667457592 0.53139176964759838 -0.0052938591688871375 0.93526008725166332 0.21666666865348819 0.08284738659858705 1.0396189093589785 0.7292865812778474 0.40726604647211256 0.25000000745058065 0.025000001303851608 0.69249993562698375 0.50578233599662792 -0.0028328070184215899 1.0924324393272402 0.71746617555618297 0.17079202085733416 0.78968055937958892 0.99644216895103466 0.10666223987936975 1.0891822576522829 0.12500000372529033 -0.062028249725699418 -0.037519292905926697 1.4496110081672671 0.21666666865348819 0.45000000298023229 0.037703869864344604 0.035467687994241721 0.8388943374156953
decision_type=2 8 10 2 2 10 2 10 2 2 2 10 8 10 2 10 10 2 8 10 2 2 2 8 2 2 2 2 2 2
left_child=12 2 3 14 8 6 -5 13 18 10 -6 24 -1 20 21 22 -8 25 19 -4 -3 -2 23 -9 -7 -17 27 -10 -11 -16
right_child=1 7 4 5 9 11 16 15 26 28 -12 -13 -14 -15 29 17 -18 -19 -20 -21 -22 -23 -24 -25 -26 -27 -28 -29 -30 -31
leaf_value=-0.0032769970203296557 0.008584630861704641 -0.0032316589971054703 0.0052425946371454793 0.0018674216251515351 -0.0097999239296925264 0 0.0084615544728836225 0.007793259535284181 0.0016898446836754661 8.7980348266090589e-05 -0.0003692313384419339 0.0021651198305457208 -0.0083691989358454805 -0.00072799973304095553 -0.0035705422644998078 0.0056024558576124647 -0.0017355332760523785 0.0003431119221423821 0.00029467941583449938 -0.0018344378304667773 0.0049622038800624163 0.0010865160215252517 -0.00036113573551912993 7.8059211132267139e-05 0.014055838695510157 0.0012949905358542498 0.00025994762668117322 -0.0041494284608047521 -0.0022263450351569488 -0.0001270287619403862
leaf_weight=502 133 2834 1250 2947 371 33 540 174 6518 23834 1168 148 1329 4249 576 464 67 3397 471 124 83 475 27669 296 240 758 8017 316 896 1035
leaf_count=502 133 2834 1250 2947 371 33 540 174 6518 23834 1168 148 1329 4249 576 464 67 3397 471 124 83 475 27669 296 240 758 8017 316 896 1035
internal_value=-8.43694e-06 0.000134843 0.000560475 0.00214316 0.0003311 0.00347112 0.00280305 -0.000387993 0.0010962 -0.000153301 -0.00268 0.00897236 -0.00700293 -0.00165187 -0.000213641 -0.000109945 0.00725277 0.00105064 0.00350394 0.00456668 -0.00297976 0.00282023 -0.000302261 0.00305096 0.0124589 0.00297469 0.000793495 0.00141196 2.02095e-06 -0.0013907
internal_weight=90914 89083 49159 6194 42965 3975 3554 39924 16696 26269 1539 421 1831 7166 2219 32758 607 4619 1845 1374 2917 608 28139 470 273 1222 14851 6834 24730 1611
internal_count=90914 89083 49159 6194 42965 3975 3554 39924 16696 26269 1539 421 1831 7166 2219 32758 607 4619 1845 1374 2917 608 28139 470 273 1222 14851 6834 24730 1611
is_linear=0
shrinkage=0.05


Tree=3
num_leaves=31
num_cat=0
split_feature=1 57 39 82 116 59 82 8 58 159 26 154 5 25 157 71 158 17 86 24 28 102 37 158 5 158 81 85 159 92
split_gain=47.5271 7.48427 10.9596 8.47824 7.95849 6.91762 6.76693 11.0569 6.61128 4.78965 4.42188 4.18664 3.8924 3.86057 3.80461 3.80099 3.34093 4.94711 3.24286 2.94447 2.81081 2.74024 2.71452 3.27199 2.60375 2.16133 2.6665 2.10796 1.99836 1.94398
threshold=0.12535332143306735 1.2464840412139895 -0.0040240830276161424 0.058333335444331176 0.69080266356468212 1.0016507506370547 0.025000001303851608 -0.77777883410453785 1.0507264137268069 0.5234865832428045 0.17079202085733416 -0.01466194912791252 0.037703869864344604 0.088821507990360274 0.053650684654712684 0.65880352258682262 0.43443385592304878 0.93567895889282238 -0.45000000298023218 0.042328258976340301 -0.038855765014886849 0.52500000596046459 0.80891188979148876 0.46626305560984088 0.037703869864344604 0.41408187242862943 0.21666666865348819 -0.22500000149011609 0.67783628648313277 0.22234953194856646
decision_type=2 2 8 2 10 2 2 2 2 2 10 10 2 10 10 2 2 8 2 10 8 2 10 2 2 2 2 2 2 10
left_child=1 4 3 5 6 -3 7 11 13 -6 -10 21 20 -5 15 22 17 29 -4 -20 -2 28 -8 -24 -11 26 -17 -15 -1 -9
right_child=12 2 18 8 9 -7 14 16 10 24 -12 -13 -14 27 -16 25 -18 -19 19 -21 -22 -23 23 -25 -26 -27 -28 -29 -30 -31
leaf_value=-0.0063097804524128087 -0.0077441346564077682 0.012215017676783083 0.0009046040183502491 0.002337428099464274 0.0057017666405785143 0.0034450924995966595 -0.00013453301155067344 -0.010986437839365858 0.0076285336642618858 0.0016601793240997476 -0.0041877953682116983 -0.0014324817348096985 -0.0077894418805235614 0.00074113314984116546 -0.0010538273760510237 0.0046842756325515362 -0.00023687296077873305 0.00054940543180597367 0.0016274654875940396 -0.0023563124039194215 -0.0018753175325963618 -0.0096764247738954021 0.0052168810706352672 0.00065612929932090018 -0.0031237230219153464 0.00073910563144996859 -0.0004920506010487667 -0.0034999547843024351 0.00039645734742245546 -0.0041855504538406392
leaf_weight=338 313 419 3847 2337 740 533 38377 180 693 3782 83 511 1827 618 6610 773 7324 423 594 1934 684 531 490 2175 300 12857 342 532 145 356
leaf_count=338 313 419 3847 2337 740 533 38377 180 693 3782 83 511 1827 618 6610 773 7324 423 594 1934 684 531 490 2175 300 12857 342 532 145 356
internal_value=-7.25205e-06 0.000197482 0.00138128 0.00308102 1.6883e-05 0.0073662 -0.000115182 -0.00133524 0.00211084 0.00198325 0.00629656 -0.0052506 -0.00639127 0.00116347 7.82076e-05 0.000215148 -0.00060779 -0.00338525 -1.60073e-06 -0.00140021 -0.0037738 -0.00712216 -2.61648e-05 0.00151509 0.00129567 0.000927523 0.00305274 -0.00117873 -0.00419656 -0.00657875
internal_weight=90668 87844 11590 5215 76254 952 71432 9808 4263 4822 776 1525 2824 3487 61624 55014 8283 959 6375 2528 997 1014 41042 2665 4082 13972 1115 1150 483 536
internal_count=90668 87844 11590 5215 76254 952 71432 9808 4263 4822 776 1525 2824 3487 61624 55014 8283 959 6375 2528 997 1014 41042 2665 4082 13972 1115 1150 483 536
is_linear=0
shrinkage=0.05


Tree=4
num_leaves=31
num_cat=0
split_feature=1 0 79 16 25 53 87 139 5 81 160 20 80 127 8 82 57 160 53 81 82 127 162 76 37 141 17 120 121 28
split_gain=38.5191 7.77877 7.13799 16.1585 8.18838 6.82341 4.89417 4.78099 4.54364 5.22024 4.8158 7.07052 3.91746 3.62785 3.35534 6.65651 3.8468 3.04811 2.93832 2.90326 4.82386 2.50929 2.49323 2.354 2.14767 2.12705 2.0551 1.92336 1.91774 1.87318
threshold=0.12111108377575876 -0.071069378405809389 0.45000000298023229 1.3891803026199343 0.089705541729927077 1.1601572632789614 -0.30833333730697626 0.84619471430778515 0.030325888656079773 0.21666666865348819 0.70151805277471535 0.96834900975227367 0.52500000596046459 0.20591564476490024 -0.80000177025794972 0.025000001303851608 1.1672083735466006 0.44261253749980972 1.0783929824829104 0.25000000745058065 0.025000001303851608 0.035979788750410087 0.56992759162659024 0.21666666865348819 0.53152719140052807 0.77982285618782055 0.79234382510185253 0.33552423119544988 0.2973166704177857 -0.0048209875822067252
decision_type=2 2 2 10 8 2 2 10 2 2 2 2 2 10 2 2 2 2 2 2 2 8 2 2 10 10 8 8 10 8
left_child=1 5 3 8 12 -1 18 -2 9 10 11 -3 -5 -13 15 16 23 -15 -4 20 -11 -10 -9 -8 -20 -16 -25 -12 -27 -30
right_child=7 2 6 4 -6 -7 14 22 21 19 27 13 -14 17 25 -17 -18 -19 24 -21 -22 -23 -24 26 -26 28 -28 -29 29 -31
leaf_value=0.0009405485179720919 -0.0070049363219238797 0.0052869868037847424 0.0003187468281074059 0.012253720381682237 -0.00025856471050968231 0.0085613242035925546 -0.011083556876300634 -0.0061602759597829673 0.0019184046745030433 -0.0080157284130634825 0.0014028159375953442 0.00078442418411994209 0.00030222403192763325 0.0076877323408478665 -0.0023274774782139208 -0.00079071915452759564 0 0.0013838825616919509 0.00091267288516790805 0.00029779921694481727 -0.00051085569838392854 -0.0024213934499626921 -0.0013786168818309419 -0.0084227024591471359 0.0049151631797423921 0.0024966510573962335 -0.0011786715574274803 -0.00017681580777824271 6.3306315388814423e-05 -0.00071860559287862573
leaf_weight=726 1894 1620 12143 519 231 513 282 423 392 276 3563 3907 89 391 1320 3397 237 422 793 17482 1022 1859 877 208 633 608 220 4091 15094 15329
leaf_count=726 1894 1620 12143 519 231 513 282 423 392 276 3563 3907 89 391 1320 3397 237 422 793 17482 1022 1859 877 208 633 608 220 4091 15094 15329
internal_value=9.32594e-06 0.00020707 0.000149857 0.000689072 0.0075466 0.00414056 -0.000233891 -0.00538239 0.000523166 0.00067351 0.00140485 0.00242623 0.0105897 0.00143285 -0.000534617 -0.00184201 -0.00555556 0.00448277 0.000575662 0.000125843 -0.00215009 -0.00164292 -0.00297647 -0.00739448 0.00272661 -0.000357466 -0.00482711 0.000552071 -0.000271982 -0.000329037
internal_weight=90561 87367 86128 35864 839 1239 50264 3194 35025 32774 13994 6340 608 4720 36695 4344 947 813 13569 18780 1298 2251 1300 710 1426 32351 428 7654 31031 30423
internal_count=90561 87367 86128 35864 839 1239 50264 3194 35025 32774 13994 6340 608 4720 36695 4344 947 813 13569 18780 1298 2251 1300 710 1426 32351 428 7654 31031 30423
is_linear=0
shrinkage=0.05


Tree=5
num_leaves=31
num_cat=0
split_feature=11 89 79 16 25 5 81 17 39 32 81 11 43 142 158 81 18 82 5 158 17 114 160 32 37 52 42 159 25 23
split_gain=34.1639 6.96879 5.47349 13.1659 5.02948 4.73039 4.33361 4.32586 4.11356 6.0828 3.95286 3.80115 2.74739 2.69055 2.54602 2.5408 2.42317 2.30488 2.20995 3.2868 1.87447 1.81243 1.8112 1.68439 1.64529 1.83716 1.51242 1.50376 1.49161 1.49724
threshold=0.89296352863311779 0.45607632398605352 0.45000000298023229 1.3521531224250796 0.10826709121465684 0.046875042840838439 0.15000000596046451 0.78707411885261547 -0.030521774664521214 -0.002988462219946086 0.18333333730697635 0.99408355355262767 1.0423131585121157 1.0404824614524844 0.48257315371367965 0.58333334326744091 1.1348635554313662 0.025000001303851608 0.021340372040867809 0.30933010971492647 0.59424221515655529 0.71746617555618297 0.82830883483797557 0.0050760167650878438 0.70737901329994213 0.75566801428794872 -0.24282687157392499 0.81958259461285321 0.13739597052335742 0.066590283066034331
decision_type=2 8 2 10 10 2 2 10 10 10 2 2 2 10 2 2 2 2 2 2 8 8 2 10 10 2 10 2 10 10
left_child=12 2 3 5 13 6 14 10 9 28 18 20 -1 -5 -2 17 21 -13 19 23 -12 -9 -23 -3 25 -10 -18 -22 29 -4
right_child=1 7 8 4 -6 -7 -8 16 24 -11 11 15 -14 -15 -16 -17 26 -19 -20 -21 27 22 -24 -25 -26 -27 -28 -29 -30 -31
leaf_value=-0.00311188102718991 0.004314593259741646 0.000121843575531481 0.0032064844195140887 0.013062044306616115 -0.0008882454572118481 -0.0046325686906407175 0.00052012418866079809 -0.00016271338207487858 -0.0017223598287781578 0.00047654328624329974 -0.0039983477924824045 -0.0092253601504428354 -0.0074500966897782838 0.0047110268743983993 0.0017039298850730002 -0.0001614825399787399 -0.0036087147862417625 -0.0031989230825819324 -0.001806667499685409 7.0698139992508104e-07 -0.0023925104374158089 0.0023633991032607502 0.00017759132976871564 0.0091435462377604942 0.0007427089146406601 -0.00011452012836264252 0.0073731457863024557 -0.00028623447000479914 -0.0014136810928032223 0.0075384134423750323
leaf_weight=542 1232 95 427 353 109 353 9387 30009 2011 2752 642 378 1528 165 4502 226 31 333 1621 4160 1337 1466 2839 154 4816 16066 172 2493 70 500
leaf_count=542 1232 95 427 353 109 353 9387 30009 2011 2752 642 378 1528 165 4502 226 31 333 1621 4160 1337 1466 2839 154 4816 16066 172 2493 70 500
internal_value=7.25389e-06 0.000156025 0.00061592 0.00134418 0.00845269 0.00105239 0.00118871 -0.000270634 0.000173889 0.00170951 -0.00111329 -0.00209566 -0.00634039 0.0105125 0.00227423 -0.00501227 7.19951e-06 -0.00648153 -0.000223599 0.000347367 -0.00147239 -2.36504e-05 0.000933921 0.00591579 -7.54675e-05 -0.000296238 0.00544155 -0.00103499 0.00505887 0.0056025
internal_weight=90769 88699 42743 16101 627 15474 15121 45956 26642 3749 11439 5409 2070 518 5734 937 34517 711 6030 4409 4472 34314 4305 249 22893 18077 203 3830 997 927
internal_count=90769 88699 42743 16101 627 15474 15121 45956 26642 3749 11439 5409 2070 518 5734 937 34517 711 6030 4409 4472 34314 4305 249 22893 18077 203 3830 997 927
is_linear=0
shrinkage=0.05


Tree=6
num_leaves=31
num_cat=0
split_feature=1 57 48 9 76 29 46 81 81 8 158 53 32 31 44 158 24 80 102 73 12 120 159 80 80 114 157 86 38 0
split_gain=35.5546 6.38042 8.69764 5.72871 5.97459 5.61997 7.97078 5.45611 10.3774 7.5571 6.94481 3.24521 3.10824 2.75815 2.73309 2.67373 2.53717 2.45218 2.40008 2.23413 2.19582 2.41134 2.4789 2.10167 1.88751 1.80882 1.78125 1.79714 1.77886 1.74092
threshold=0.13785236328840259 1.2464840412139895 0.92838227748870861 1.0663143396377566 0.050000002607703216 -0.0053065051324665538 1.4595353603363039 0.21666666865348819 0.25000000745058065 -0.74024075269699086 0.37426077791657242 1.1601572632789614 0.0032790026161819701 0.0026274888077750806 1.0845921039581301 0.2656365451533883 0.065814550966024413 0.52500000596046459 0.52500000596046459 0.90000000596046459 0.99836567044258129 0.34046256542205816 0.54385273788376853 0.22500000149011615 0.075000001117587103 0.45268543064594274 -0.016677962616086003 -0.15000000596046445 0.0023638834245502953 0.010161362122744324
decision_type=2 2 2 2 2 10 2 2 2 2 2 2 10 10 2 2 10 2 2 2 2 8 2 2 2 8 10 2 10 2
left_child=1 7 14 4 5 -4 -7 10 9 18 13 -5 24 -1 -3 -11 -15 -8 -9 -2 -12 22 -22 -16 -10 -26 -6 -28 -14 -30
right_child=19 2 3 11 26 6 17 8 12 15 20 -13 28 16 23 -17 -18 -19 -20 -21 21 -23 -24 -25 25 -27 27 -29 29 -31
leaf_value=3.7356445042142583e-05 -0.007173292682385056 0.0019908388419678995 0.0014370072180905969 0.0010941885990988056 0.0015230445186475922 0.0023008625617292398 0.012271557528613098 -0.0042910356551377647 0.001032252417682815 -0.0079906057929763907 -0.00020404367834891266 0.00825622100351729 -0.0017874169961669261 0.0047346326194133512 -0.0041802674960604511 -0.001333153902627117 -0.000658883294586013 0.001051327105743616 -0.010498082156634092 -0.0030140264968804135 0.0045955875324795352 0.00036682074554184225 0.0011151108413750917 -0.00084857468913182652 -0.00051749962178590622 0.00026802139511332049 0.00044760708913811327 -0.0027223266847064137 0.0010746317302171452 -0.0011641128754960742
leaf_weight=606 1718 595 1321 246 2904 600 446 330 4200 165 13644 552 4097 1590 663 2320 234 66 380 457 692 13570 2217 1858 13827 15517 1832 585 1450 2131
leaf_count=606 1718 595 1321 246 2904 600 446 330 4200 165 13644 552 4097 1590 663 2320 234 66 380 457 692 13570 2217 1858 13827 15517 1832 585 1450 2131
internal_value=-9.35916e-06 0.000145098 0.00123466 0.00206056 0.0016361 0.00369284 0.00632403 -1.94348e-05 -0.000380444 -0.00312603 0.000471605 0.00611509 -0.000166358 0.00304428 -0.00101593 -0.00179835 0.00401532 0.0109275 -0.00769353 -0.00632413 0.000262316 0.000651467 0.00196153 -0.00174592 3.99363e-05 -0.00010042 0.000685762 -0.00029976 -0.00107402 -0.000243606
internal_weight=90813 88638 11668 8552 7754 2433 1112 76970 44417 3195 32553 798 41222 2430 3116 2485 1824 512 710 2175 30123 16479 2909 2521 33544 29344 5321 2417 7678 3581
internal_count=90813 88638 11668 8552 7754 2433 1112 76970 44417 3195 32553 798 41222 2430 3116 2485 1824 512 710 2175 30123 16479 2909 2521 33544 29344 5321 2417 7678 3581
is_linear=0
shrinkage=0.05


Tree=7
num_leaves=31
num_cat=0
split_feature=1 89 27 25 39 16 19 162 82 8 57 116 144 159 79 17 157 159 14 92 5 24 142 5 158 37 102 18 80 36
split_gain=30.8474 5.92579 5.06867 6.56446 5.17235 5.3404 3.92209 3.44399 3.37022 5.21929 3.8116 3.23926 3.17887 2.67534 2.48991 2.46928 2.36251 2.27927 2.26796 2.0793 1.99776 1.87405 1.71641 1.62088 2.05668 2.37169 1.61855 1.58684 1.5821 1.56655
threshold=0.12535332143306735 0.45141318440437322 0.12363375350832941 0.10826709121465684 -0.0040240830276161424 1.432964622974396 1.0385147929191592 0.86484085532357513 0.025000001303851608 -0.6666644513607024 1.175930976867676 0.67926800251007091 0.4947072714567185 0.73530578898225973 0.45000000298023229 0.65963563323020946 0.013692973647266628 0.84029215121448142 0.99592724442482006 0.44426541030406957 0.031102173961699012 0.043203953653573997 1.0711574554443362 0.025423681363463405 0.38377413716039938 0.7244091033935548 0.55833333730697643 1.1198952198028567 0.075000001117587103 0.57599514722824108
decision_type=2 8 10 10 10 10 2 2 2 2 2 10 10 2 2 8 10 2 8 8 2 8 10 2 2 10 2 2 2 10
left_child=1 2 11 4 5 17 -7 21 9 10 12 15 19 -13 -6 -1 18 22 -10 -3 29 -2 -4 24 25 -18 -11 -20 -17 -5
right_child=7 8 3 20 14 6 -8 -9 16 26 -12 13 -14 -15 -16 28 23 -19 27 -21 -22 -23 -24 -25 -26 -27 -28 -29 -30 -31
leaf_value=-0.0038696663935546024 -0.00056044126981042179 -0.0097223797420119551 0.0054169572449585934 -0.0012095541159068499 0.0029376440163476642 0.011362907202997938 0.0020359807505960503 -0.0023696643184747124 0.00088405730341192866 1.1014945036809435e-05 0.001462779189980785 0.0048902290124296132 -0.001287475445472583 0.0008667880512656166 0 0.0010560007591722737 -9.9430272606182906e-06 0.00091687643775198555 -0.00018686859930902428 -0.0041420322619687752 -0.0031663595242665738 -0.0067361453455737179 0.0025987827417382104 -0.0018195718487631274 -0.00044044698510008824 0.0063866947022560381 -0.0021031751211930943 0.0043945010750266814 3.6115066594958195e-05 0.0012125334853775617
leaf_weight=376 151 396 929 1132 1015 350 188 850 9213 3554 246 652 372 1237 2387 4535 325 1164 13959 368 523 1827 1597 2077 13779 240 1193 190 24262 1604
leaf_count=376 151 396 929 1132 1015 350 188 850 9213 3554 246 652 372 1237 2387 4535 325 1164 13959 368 523 1827 1597 2077 13779 240 1193 190 24262 1604
internal_value=7.51294e-06 0.000173527 0.000603406 0.00153262 0.0023357 0.0035072 0.00820627 -0.00513095 -0.000218179 -0.00130981 -0.00401816 0.000276014 -0.00524927 0.00228381 0.000864462 0.000144218 -4.87158e-05 0.0028065 0.000272926 -0.00710875 -0.000332356 -0.00629048 0.00365676 -0.000509346 -0.000316027 0.00262536 -0.000510116 -0.000121508 0.000198496 0.000192068
internal_weight=90691 87863 41951 10889 7630 4228 538 2828 45912 6129 1382 31062 1136 1889 3402 29173 39783 3690 23362 764 3259 1978 2526 16421 14344 565 4747 14149 28797 2736
internal_count=90691 87863 41951 10889 7630 4228 538 2828 45912 6129 1382 31062 1136 1889 3402 29173 39783 3690 23362 764 3259 1978 2526 16421 14344 565 4747 14149 28797 2736
is_linear=0
shrinkage=0.05


Tree=8
num_leaves=31
num_cat=0
split_feature=11 0 33 38 79 16 56 3 81 158 87 52 81 81 82 9 40 160 72 5 62 78 87 158 3 159 122 162 141 13
split_gain=25.814 5.41596 5.44227 5.27596 6.35118 14.6242 4.90197 3.8445 3.72561 6.33253 3.51147 2.74384 2.52136 4.65507 5.99144 2.45819 2.4094 2.33888 2.9449 2.08379 2.17298 2.05626 2.01572 2.20063 1.70366 1.68002 1.7192 1.64777 1.61638 1.46674
threshold=0.89296352863311779 -0.071069378405809389 0.77232483029365551 -0.013837577775120733 0.45000000298023229 1.3521531224250796 1.1944999098777773 0.02307018265128136 0.21666666865348819 0.39237283618117208 -0.30833333730697626 0.64292711019516002 0.21666666865348819 0.25000000745058065 0.025000001303851608 1.0365003943443301 -0.036383910104632371 0.46022588624162569 0.60977050662040722 0.032942539080977447 0.81589800119400036 0.90000000596046459 0.85833334922790538 0.57882169068791656 0.03198650851845742 0.60112737002328809 0.48198267817497259 0.54121108538711049 1.1607282161712649 1.1555078625679018
decision_type=2 2 10 10 2 10 2 2 2 2 2 2 2 2 2 2 8 2 2 2 2 2 2 2 2 2 10 2 10 10
left_child=16 2 -2 7 5 8 28 -3 9 19 15 -9 -12 14 -14 -6 -1 18 -11 20 -5 -20 -10 -24 25 26 -15 -18 -7 -4
right_child=1 3 29 4 10 6 -8 11 22 17 12 -13 13 24 -16 -17 27 -19 21 -21 -22 -23 23 -25 -26 -27 -28 -29 -30 -31
leaf_value=-0.0073082596655941997 0.00058608185095037572 -0.00033905413664149438 0 0.0073222352198922137 0.00043412566268477066 0.011563047311322478 0.0024696020110381214 -0.0044943050091757969 0.00029735493487081385 0.00065985552793841823 9.223829383815992e-05 -0.0012845125749430236 -0.0086416671175187192 -0.002265989386948095 -0.0012630728746377161 0.0039990728319772842 -0.0061894004011442856 0.00051679390457313719 0.0052872788697434104 -0.0010239082507457801 0.0026181482087579535 0.00037325916248837857 -0.0051179739387090589 -0.00050005134858110978 -0.0025735736749847356 7.4004447582204865e-05 -0.00052748415905746657 -0.0019977223295895709 0.00079857960293884403 0.0080159104681703924
leaf_weight=1004 821 8122 73 637 11925 441 330 1068 15611 1458 14172 1945 417 1912 867 508 428 9392 886 129 470 310 349 1103 1007 7848 6054 636 49 492
leaf_count=1004 821 8122 73 637 11925 441 330 1068 15611 1458 14172 1945 417 1912 867 508 428 9392 886 129 470 310 349 1103 1007 7848 6054 636 49 492
internal_value=2.33675e-05 0.000153134 0.00325413 0.000103126 0.000252798 0.000800927 0.00739127 -0.000912196 0.000620954 0.0012493 -0.000128166 -0.00243997 -0.000404093 -0.000795351 -0.00370316 0.000584117 -0.00549667 0.000894237 0.00221041 0.00466583 0.00537431 0.00405673 0.000128865 -0.00164718 -0.000570209 -0.000439323 -0.000951268 -0.00373503 0.0105923 0.00703484
internal_weight=90464 88396 1386 87010 75875 31165 820 11135 30345 13282 44710 3013 32277 18105 1284 12433 2068 12046 2654 1236 1107 1196 17063 1452 16821 15814 7966 1064 490 565
internal_count=90464 88396 1386 87010 75875 31165 820 11135 30345 13282 44710 3013 32277 18105 1284 12433 2068 12046 2654 1236 1107 1196 17063 1452 16821 15814 7966 1064 490 565
is_linear=0
shrinkage=0.05


Tree=9
num_leaves=31
num_cat=0
split_feature=11 89 16 29 82 81 15 32 81 92 18 159 158 82 0 124 160 17 159 2 159 82 25 160 11 158 158 17 82 17
split_gain=23.5349 5.34362 3.76679 8.92681 4.07263 3.97293 3.73001 2.96339 2.86466 2.76282 2.62382 2.46862 2.46111 2.42046 2.63596 2.356 2.16354 2.11431 2.66974 1.9428 1.93262 1.93118 1.8914 1.84783 1.77651 2.75 1.77092 2.44019 1.75663 4.06994
threshold=0.89296352863311779 0.49460037052631384 1.2992014884948733 -0.0013687986065633593 0.058333335444331176 0.18333333730697635 0.99388995766639721 0.0029127235757187013 0.18333333730697635 0.45575453341007238 1.1348635554313662 0.83139564006591404 0.34476371549802426 0.59166666865348827 -0.047435244545340531 0.43493232131004339 0.82830883483797557 0.65963563323020946 0.91496064824173895 -0.3545460551977157 0.59683762914610095 0.025000001303851608 0.07300205156207086 0.96807897675294929 0.97394588589668285 0.29579370221897211 0.43443385592304878 0.81071457266807567 0.025000001303851608 0.93567895889282238
decision_type=2 8 10 10 2 2 10 8 2 10 2 2 2 2 2 8 2 8 2 2 2 2 10 2 2 2 2 8 2 8
left_child=23 2 5 6 -5 12 -4 10 24 11 15 19 -2 17 -15 26 -17 18 21 -10 28 -7 -6 -1 -9 -26 27 -3 29 -19
right_child=1 7 3 4 22 13 -8 8 9 -11 -12 -13 -14 14 -16 16 -18 20 -20 -21 -22 -23 -24 -25 25 -27 -28 -29 -30 -31
leaf_value=-0.0059099536460767259 0.0031065162092464519 -0.0088194008702495406 -0.0045383026063162205 0.010591355325572597 0.0060173763977036292 -0.011949671524906016 0.0013356274630674948 -0.001010744782529773 -0.0092940496839626352 -0.0010785044770636083 0.0059467638811126922 -0.0016788752688888934 0.00080693773302895457 0.0035323285306901164 0.00033602980622225162 0.0025993529887538961 0.00024118428632190203 -0.006594568876160588 -0.0010653413988172074 -0.0034621958490095688 0.00026038460668367791 -0.0027296646929656468 -0.00062440404269795569 -0.0014305834556893725 0.0074308849022158285 0.00025579462058520161 -9.8153059789266102e-05 -0.0011595563516130078 -0.00051488254765813936 -0.00028114735111940074
leaf_weight=1764 1296 111 295 373 239 115 2837 3659 267 4524 183 833 13437 689 11265 1446 3140 422 803 402 7805 149 171 301 139 3486 22360 2225 5177 689
leaf_count=1764 1296 111 295 373 239 115 2837 3659 267 4524 183 833 13437 689 11265 1446 3140 422 803 402 7805 149 171 301 139 3486 22360 2225 5177 689
internal_value=-6.35278e-06 0.000116193 0.000492139 0.00197781 0.00675758 0.000351908 0.000765137 -0.000284838 -0.000904029 -0.00171171 -3.4181e-06 -0.00358367 0.00101281 -5.38895e-06 0.000524719 -4.25135e-05 0.000996037 -0.000426696 -0.00257692 -0.00587473 -0.000260181 -0.00696457 0.00313083 -0.00528224 -0.000228833 0.000546685 -0.000237427 -0.00154854 -0.000914224 -0.00272796
internal_weight=90602 88537 45762 3915 783 41847 3132 42775 13310 6026 29465 1502 14733 27114 11954 29282 4586 15160 1067 669 14093 264 410 2065 7284 3625 24696 2336 6288 1111
internal_count=90602 88537 45762 3915 783 41847 3132 42775 13310 6026 29465 1502 14733 27114 11954 29282 4586 15160 1067 669 14093 264 410 2065 7284 3625 24696 2336 6288 1111
is_linear=0
shrinkage=0.05


Tree=10
num_leaves=31
num_cat=0
split_feature=1 89 79 46 25 0 53 53 27 162 17 28 32 51 38 92 159 17 53 12 142 114 5 158 160 34 46 80 32 8
split_gain=23.2603 4.92842 4.08421 8.33152 4.61455 4.02469 3.21145 3.02992 2.79064 2.73736 2.44567 2.40901 2.39702 2.31192 2.27204 2.80939 4.93131 2.21088 2.18206 2.12451 2.1049 2.10329 1.90631 2.4433 1.82605 2.6222 1.82591 1.733 1.61422 1.55881
threshold=0.12535332143306735 0.49869064986705786 0.45000000298023229 1.4595353603363039 0.090640846639871611 -0.071069378405809389 1.0876548290252688 1.1601572632789614 0.12363375350832941 0.88476453632007335 0.78707411885261547 -0.007382866693660616 -0.0029109631432220335 0.93186795711517345 0.0049579760525375613 0.45977304875850683 0.83441058324542394 0.59424221515655529 1.2239714264869692 0.99970728158950817 0.87241098284721386 0.57323890924453746 0.031102173961699012 0.50120484726020653 0.74482680197313222 0.84384536743164074 1.1103736758232119 0.075000001117587103 0.0022384460316970949 -0.43884955346584315
decision_type=2 8 2 2 10 2 2 2 10 2 8 10 10 2 10 10 2 10 2 2 10 10 2 2 2 10 2 2 8 2
left_child=1 2 3 6 13 7 8 -4 -1 28 14 12 -7 -5 15 16 19 -18 21 -3 -10 -12 23 -22 25 -23 -13 -14 -2 -16
right_child=9 10 5 4 -6 11 -8 -9 20 -11 18 26 27 -15 29 -17 17 -19 -20 -21 22 24 -24 -25 -26 -27 -28 -29 -30 -31
leaf_value=0.00066360967253863731 -0.0023668610089343394 -0.0020167921095708154 0.00080978841702693076 0.010774165521608666 0.00053868357574780629 0.0017365638326906801 -0.002739192884834919 0.0074163148828404434 0.0056053081350526538 -0.0018446153563600959 -0.00039829087940184592 0.00025687404115267863 0.001606338353589677 9.8231843798462907e-05 0.0032800918871503056 -0.00091292930803398063 -0.0053887537939676369 0.00017499165526651736 0.0053162576231039708 -0.0093307498691727331 0.0051454689392631467 0.00086641476417137573 -0.0019615562186086682 0.0013617841081700853 -3.8185883268370846e-05 0.0054587976783025283 -0.00087511043045583885 -0.00015466373883050544 -0.0061132920555858009 -0.00041297206297250146
leaf_weight=12730 407 159 418 399 239 3086 587 322 435 796 21155 5910 1672 69 309 3211 236 661 186 394 571 4131 289 1955 7572 342 8762 8309 1672 3524
leaf_count=12730 407 159 418 399 239 3086 587 322 435 796 21155 5910 1672 69 309 3211 236 661 186 394 571 4131 289 1955 7572 342 8762 8309 1672 3524
internal_value=-1.28177e-05 0.000131835 0.000490952 0.00109786 0.00642066 0.000121049 0.000867316 0.00375813 0.00100309 -0.00443789 -0.0002593 2.20876e-05 0.000517518 0.00931033 -0.00101717 -0.00175932 -0.00359726 -0.00123752 -6.49621e-05 -0.00732551 0.0023168 -9.67751e-05 0.00178906 0.00223857 0.000428625 0.00122986 -0.000415744 0.000135459 -0.00540539 -0.000101434
internal_weight=90508 87633 45753 17274 707 28479 16567 740 15980 2875 41880 27739 13067 468 8494 4661 1450 897 33386 553 3250 33200 2815 2526 12045 4473 14672 9981 2079 3833
internal_count=90508 87633 45753 17274 707 28479 16567 740 15980 2875 41880 27739 13067 468 8494 4661 1450 897 33386 553 3250 33200 2815 2526 12045 4473 14672 9981 2079 3833
is_linear=0
shrinkage=0.05


Tree=11
num_leaves=31
num_cat=0
split_feature=1 157 16 56 116 58 161 30 79 16 161 100 5 160 72 5 159 32 48 91 9 158 50 161 157 82 12 28 158 82
split_gain=21.3282 4.0959 6.06832 7.1159 3.93296 3.92053 3.8517 2.59846 3.02246 3.76351 2.47281 2.45751 2.26842 2.23632 4.10384 3.09257 3.3915 4.11744 2.14967 2.09181 1.99307 1.84194 1.83523 2.16199 1.75928 1.75137 1.87746 1.52351 1.86255 1.73017
threshold=0.13785236328840259 -0.021448753774166104 1.3109498620033266 1.1717621088027956 0.69080266356468212 1.0424644351005556 0.28260681818384964 0.012380171567201616 0.45000000298023229 1.3891803026199343 0.22143980954720685 0.42499999701976782 0.031993260607123382 0.70151805277471535 0.67677661776542675 0.024956103414297107 0.70925741480433602 0.0047469928395003089 0.93825262784957897 0.51304429769516002 1.0839830040931704 0.57882169068791656 0.63035988807678234 0.03662642485159693 0.044677689671516425 0.20833333581686023 1.0092795491218569 -0.0068965498358011237 0.43982146180105497 0.025000001303851608
decision_type=2 8 10 2 10 2 2 8 2 10 2 2 2 2 2 2 2 10 2 8 2 2 2 2 10 2 2 8 2 2
left_child=1 2 5 -4 7 19 22 8 9 13 24 -11 -8 14 -3 16 17 -16 -5 -1 27 -2 23 -6 -9 26 -21 -10 29 -29
right_child=21 4 3 18 6 -7 12 10 20 11 -12 -13 -14 -15 15 -17 -18 -19 -20 25 -22 -23 -24 -25 -26 -27 -28 28 -30 -31
leaf_value=0.00075653175114566852 -0.0063967415149080364 0.00016522094251465556 0.0080719712159413974 -0.00035787672021751201 -0.00073331462969358134 0.004539393516916534 0.0050178130853643834 0.00067075587781271736 -8.6369677199675974e-05 0 -0.0037174589141272685 0.0086198374455052542 -0.0026568142747273671 -0.00022882952964969167 0.002793205571209538 -0.0018129901720803693 0.0011061246873736187 0.0091345817371203016 0.0028601904437952565 -0.00060903561398284413 0.002919827414230778 -0.0032976837350505192 0.0010697305538693903 -0.010147857024114477 -0.0019398699965377641 0.00020280036970898781 -0.0038248994598284076 -0.0053518610015192702 -0.00060029104376143521 -0.0014633515710061017
leaf_weight=11510 1113 6954 537 827 516 555 849 1195 14728 146 953 224 99 11163 778 347 1101 410 1286 2817 435 1022 2932 71 1353 7899 556 378 16410 1472
leaf_count=11510 1113 6954 537 827 516 555 849 1195 14728 146 953 224 99 11163 778 347 1101 410 1286 2817 435 1022 2932 71 1353 7899 556 378 16410 1472
internal_value=-1.31176e-06 0.000117292 0.000645113 0.00291492 -0.000101329 0.000385111 0.00132659 -0.000212097 -0.000126331 0.00034053 -0.00153364 0.00533869 0.00416171 0.000248757 0.000809859 0.0024908 0.00316558 0.00502962 0.00157746 0.000281518 -0.00042288 -0.0049389 0.000547656 -0.0019724 -0.0006961 -0.000199114 -0.00115493 -0.000468562 -0.000774068 -0.00228734
internal_weight=90636 88501 25987 2650 62514 23337 4467 58047 54546 21123 3501 370 948 20753 9590 2636 2289 1188 2113 22782 33423 2135 3519 587 2548 11272 3373 32988 18260 1850
internal_count=90636 88501 25987 2650 62514 23337 4467 58047 54546 21123 3501 370 948 20753 9590 2636 2289 1188 2113 22782 33423 2135 3519 587 2548 11272 3373 32988 18260 1850
is_linear=0
shrinkage=0.05


end of trees

feature_importances:
feature_IMIN30=20
amount_20=20
feature_ROC60=16
feature_IMIN60=15
momentum_60=14
feature_KLOW=13
feature_BETA60=10
price_vs_ma20=10
feature_STD20=8
feature_IMIN20=8
feature_CORR60=8
feature_KMID=7
feature_KLEN=7
feature_KSFT2=7
feature_LOW0=7
feature_ROC30=7
feature_IMIN10=7
feature_MAX30=6
feature_QTLU5=6
feature_CORR10=6
feature_BETA5=5
feature_RESI5=5
feature_MIN5=5
feature_QTLU60=5
feature_IMXD60=5
feature_VSUMD60=5
reversal_20=5
feature_VWAP0=4
feature_RSQR60=4
feature_RESI10=4
feature_QTLD5=4
feature_SUMP10=4
volatility_20=4
feature_KUP=3
feature_OPEN0=3
feature_ROC20=3
feature_MA5=3
feature_STD10=3
feature_STD30=3
feature_BETA10=3
feature_RESI30=3
feature_MAX10=3
feature_MIN60=3
feature_CNTP60=3
feature_SUMP30=3
feature_WVMA60=3
feature_ROC5=2
feature_STD60=2
feature_RSQR30=2
feature_MIN20=2
feature_QTLU30=2
feature_QTLD10=2
feature_QTLD60=2
feature_RSV60=2
feature_IMAX5=2
feature_IMAX30=2
feature_IMXD10=2
feature_IMXD30=2
feature_CNTP20=2
feature_SUMN20=2
feature_SUMD60=2
feature_WVMA30=2
feature_KMID2=1
feature_HIGH0=1
feature_ROC10=1
feature_MA10=1
feature_MA20=1
feature_MA60=1
feature_STD5=1
feature_BETA20=1
feature_BETA30=1
feature_RSQR5=1
feature_RSQR10=1
feature_RESI20=1
feature_RESI60=1
feature_MAX5=1
feature_MAX20=1
feature_MIN30=1
feature_RSV30=1
feature_IMIN5=1
feature_IMXD20=1
feature_CORR30=1
feature_SUMN10=1
feature_SUMN30=1
feature_SUMN60=1
feature_SUMD10=1
feature_WVMA10=1
feature_WVMA20=1
feature_VSUMP10=1
feature_VSUMD10=1

parameters:
[boosting: gbdt]
[objective: regression]
[metric: l2]
[tree_learner: serial]
[device_type: cpu]
[data_sample_strategy: bagging]
[data: ]
[valid: ]
[num_iterations: 400]
[learning_rate: 0.05]
[num_leaves: 31]
[num_threads: 20]
[seed: 42]
[deterministic: 0]
[force_col_wise: 0]
[force_row_wise: 0]
[histogram_pool_size: -1]
[max_depth: -1]
[min_data_in_leaf: 20]
[min_sum_hessian_in_leaf: 0.001]
[bagging_fraction: 0.8]
[pos_bagging_fraction: 1]
[neg_bagging_fraction: 1]
[bagging_freq: 1]
[bagging_seed: 400]
[bagging_by_query: 0]
[feature_fraction: 0.8]
[feature_fraction_bynode: 1]
[feature_fraction_seed: 30056]
[extra_trees: 0]
[extra_seed: 12879]
[early_stopping_round: 0]
[early_stopping_min_delta: 0]
[first_metric_only: 0]
[max_delta_step: 0]
[lambda_l1: 1]
[lambda_l2: 1]
[linear_lambda: 0]
[min_gain_to_split: 0]
[drop_rate: 0.1]
[max_drop: 50]
[skip_drop: 0.5]
[xgboost_dart_mode: 0]
[uniform_drop: 0]
[drop_seed: 17869]
[top_rate: 0.2]
[other_rate: 0.1]
[min_data_per_group: 100]
[max_cat_threshold: 32]
[cat_l2: 10]
[cat_smooth: 10]
[max_cat_to_onehot: 4]
[top_k: 20]
[monotone_constraints: ]
[monotone_constraints_method: basic]
[monotone_penalty: 0]
[feature_contri: ]
[forcedsplits_filename: ]
[refit_decay_rate: 0.9]
[cegb_tradeoff: 1]
[cegb_penalty_split: 0]
[cegb_penalty_feature_lazy: ]
[cegb_penalty_feature_coupled: ]
[path_smooth: 0]
[interaction_constraints: ]
[verbosity: -1]
[saved_feature_importance_type: 0]
[use_quantized_grad: 0]
[num_grad_quant_bins: 4]
[quant_train_renew_leaf: 0]
[stochastic_rounding: 1]
[linear_tree: 0]
[max_bin: 255]
[max_bin_by_feature: ]
[min_data_in_bin: 3]
[bin_construct_sample_cnt: 200000]
[data_random_seed: 175]
[is_enable_sparse: 1]
[enable_bundle: 1]
[use_missing: 1]
[zero_as_missing: 0]
[feature_pre_filter: 1]
[pre_partition: 0]
[two_round: 0]
[header: 0]
[label_column: ]
[weight_column: ]
[group_column: ]
[ignore_column: ]
[categorical_feature: ]
[forcedbins_filename: ]
[precise_float_parser: 0]
[parser_config_file: ]
[objective_seed: 16083]
[num_class: 1]
[is_unbalance: 0]
[scale_pos_weight: 1]
[sigmoid: 1]
[boost_from_average: 1]
[reg_sqrt: 0]
[alpha: 0.9]
[fair_c: 1]
[poisson_max_delta_step: 0.7]
[tweedie_variance_power: 1.5]
[lambdarank_truncation_level: 30]
[lambdarank_norm: 1]
[label_gain: ]
[lambdarank_position_bias_regularization: 0]
[eval_at: ]
[multi_error_top_k: 1]
[auc_mu_weights: ]
[num_machines: 1]
[local_listen_port: 12400]
[time_out: 120]
[machine_list_filename: ]
[machines: ]
[gpu_platform_id: -1]
[gpu_device_id: -1]
[gpu_device_id_list: ]
[gpu_use_dp: 0]
[num_gpu: 1]

end of parameters

pandas_categorical:[]
